4.499172604498965278e+00
1.050109755797367583e+01
1.422241755498475335e+01
8.571985936707537235e+01
3.540662796797170131e+01
2.560809424008848367e+00
8.463298725746604134e+01
-9.853525140449870268e-01
5.367953567276159532e+01
2.644726899822340371e+01
1.062023528267946126e+01
2.188688013385352704e+01
7.012938871171464861e+00
1.516625628305946520e+02
5.503768679662095487e+00
7.518867114559607323e+00
8.160374971868670002e+01
2.681205877615320432e+01
3.224123060506619254e+01
8.958324425847931138e+01
-1.643392126745264914e+00
5.355645242690169283e+01
1.101673992354110787e+01
1.821040004436285287e+01
8.220654840417225273e+01
2.498310685381468375e+02
1.438790601007402792e+01
2.754347160410182571e+00
1.462643421314334944e+02
1.699374778938931385e+01
3.875115722024701626e+01
3.993118141283821387e+01
4.027703187027084653e+01
3.209104739952427110e+01
1.719272248769854272e+01
1.417985447642584340e+01
2.179479392970073981e+00
2.668719091332191429e+00
9.458176896891650642e+00
3.143970404477650149e+01
4.905668931773836050e+01
1.577288647907390207e+01
2.093110608338895418e+01
6.439208076331871666e+01
5.260683811171008273e+01
5.473646255222000434e+01
2.515773767727306165e+01
7.152056310020066121e+01
4.665235702107810312e+01
1.059063623419394773e+01
8.961918241107975192e+00
6.637838104439541098e+01
1.129808731091767493e+00
2.873731562195266420e+01
1.241313200241276071e+01
1.791463039215328124e+01
3.151468795119775379e+01
4.684632345006480136e+01
5.000005530771100659e+00
6.042779098734231980e+01
1.982352958808010612e+01
1.712976983978820158e+02
1.474099985730648044e+01
5.734902854434056252e+01
1.371363409567773317e+02
4.112562794757541162e+00
8.576761896042926026e+01
1.496133333964180245e+01
1.815612724155597490e+01
7.879454078190555322e+01
6.312644520694482786e+00
2.500022132577421274e+01
1.856992670864095487e+02
6.152001224228521181e+01
1.693745168873900475e+00
4.989138438460417047e-01
1.284936059610927472e+01
6.538135330014335977e+01
2.181545527968827116e+02
2.715053041580831827e+00
5.410856789527097988e+01
6.959691318410942529e+01
1.566512356241513082e+01
1.341635509112048510e+02
2.553779215174862216e+01
8.783739054299797289e+00
1.785292894838722333e+01
5.280755814059236997e+01
1.696877122245705749e+01
1.721160710193752408e+01
4.476148189256200283e+00
1.781660423663128157e+01
9.639113199750100947e+00
5.157735564417499319e+01
1.208688346537693405e+02
1.168589462403936352e+02
1.139428381436765214e+01
1.833755278101097730e+01
3.210283014797442291e+01
7.894870373064361502e+01
6.681069520037384279e+01
2.932621421212675017e+01
1.090945107939094250e+01
6.160623731840941986e+01
1.258330859384582823e+02
1.739990574520358848e+02
2.237607620183611346e+01
1.510782836245951160e+02
1.522097773103099350e+01
8.038673440641281331e+01
1.435804705992438812e+01
8.177181712501868205e+00
9.917113907160209862e+01
8.515559922079741995e+00
5.344949379560760860e+01
1.795353521766378435e+01
3.244244904971467491e+01
1.438764297381560375e+01
1.740762378581102041e+02
5.875698630888750529e+01
1.441560714025510492e+02
5.372335164512619343e+01
1.170729600069540624e+02
1.499758237565732522e+01
2.154529441956747249e+01
7.621927849823636336e+01
1.345044701828234395e+02
1.563020621430203327e+01
9.245477526027993065e+01
9.548469307224731750e-01
2.067709510856000676e+01
4.485518132734438446e+00
1.039606353769726077e+01
1.524890250892038424e+01
2.156086862552561811e+01
7.749584463189681749e+00
7.459912433637725826e+01
3.152640777644026215e+01
5.931521683801160805e+01
3.978199943948355610e+01
1.372752677764833038e+02
7.745783012429406256e+01
5.554472655860008956e+01
2.051458149799061914e+01
5.700357289485945245e+01
3.032713194316392968e+00
1.800334552058800455e+02
2.811569255183804827e+01
7.320057912105211528e+01
1.441101060760853514e+01
1.348352565994280781e+02
8.879101340269799891e+01
1.742996978991720880e+01
1.430489808822434270e+02
1.895219615580561481e+02
3.464368952953354608e+01
7.892561955319047229e+01
-6.400947818439453943e-03
1.000865264577199731e+01
6.050699932841709483e+01
2.633980502297165671e+01
1.544173889301521641e+01
3.244315671718111105e+01
1.156315800714985897e+02
1.863350086304359055e+00
5.631697635156009341e+01
2.990264049398433244e+01
1.267718105149921115e+01
1.059929569170415817e+02
1.591530803827312823e+01
1.827066138126804162e+02
8.324194253987580794e+01
1.589348885159417968e+01
9.215386997440428729e+01
6.453024342366289545e+01
1.098604107439288811e+02
7.335716490043047600e+00
1.146935789096806673e+02
6.960640580418752776e+00
8.064464178318297627e+01
3.379409875477841041e+01
3.869908085262123709e+00
-1.406727562605449844e+00
1.134805189367877354e+01
8.038330210360372519e+01
8.737016689993687635e+01
2.347599578165663559e+01
3.937566152822542875e+01
8.779361572207174902e+01
5.807447267405176916e+00
1.719461420713076194e+01
7.421702791257761334e+00
4.820483664869936291e+00
1.929824763098443086e+01
4.726118857345171342e+00
1.932324326439574236e+02
6.120896291528502786e+00
1.611686244714353222e+01
1.110003648643813818e+02
6.027196271225884772e+01
1.434039600786557003e+02
8.833047417794819722e+00
1.082421241326730268e+02
-5.668281649020500551e-02
6.352460056723561177e-01
2.302254217141480197e+01
1.530479471374093592e+01
2.411986553340265349e+00
6.693184162442875618e+01
2.726085284768170780e+01
5.865348627457576924e+01
8.739470392589550940e+00
3.206842565669589362e+01
7.241955077541293306e+00
1.591665697511014059e+02
2.492780242783334188e+01
1.768917630474660641e+01
1.992813047199962568e+02
1.153572382106399097e+01
2.431856873561451238e+01
5.221634721662709921e+00
9.987549097867174908e+01
6.447308520283037581e+00
7.158213573531591578e+01
6.501289425195912486e+01
4.123053831195830909e+00
1.292044062882594631e+02
3.770290328889549869e+01
5.308285885819233663e+00
5.250396346151605087e+01
4.317756321226763561e+01
6.104521397193982324e+01
1.151041166054066309e+02
3.016641564492871908e+01
7.882220445537898001e+01
3.140358497746055910e+00
1.961970736472732213e+01
2.850277429913203164e+01
5.536016178723937031e+00
7.411727710473360276e+01
2.015928464047950541e+01
2.694016164128635893e+01
2.963739342340501182e+00
9.607467821633964888e+01
3.166421316209533288e+01
3.427133121088682799e+01
2.616441619684346875e+01
4.228971215130383854e+01
3.704376354037236752e+00
4.077932524122676483e+00
3.900318707189918399e+01
7.793592161334306212e+00
9.191087183325043952e+01
3.262250176648469502e+00
8.185505692777326203e+01
1.636902940424392128e+01
9.708855177106196166e+00
1.145861142580043577e+02
7.223714925667802333e+01
1.625994677625366478e+02
4.439352133899657105e+01
9.599612522199670650e+01
2.218727428974495197e+01
1.753175006315166229e+02
2.866448551278561463e-01
-9.483789793545380764e-01
3.555421706054657704e+01
1.296247347572949593e+02
4.223737601305544764e+00
1.291284773196969127e+01
1.832123951699556841e+01
4.071509741697320273e+00
2.878649523057602355e+00
4.131320487381019291e+01
1.106979078947106814e+02
7.303329655869779913e+01
4.524166723882994035e+01
8.249043421458677017e+01
2.213768146985666974e+01
8.160770248559304108e+00
6.463129119692659685e+01
1.170939105442045225e+01
2.866321792505038957e+01
1.309977598406524066e+02
6.955933747947565848e+01
1.222169193605849529e+02
4.767737230721051134e+01
1.295497902764144271e+02
1.013300506929662106e+02
5.358526522049969287e+01
1.935807075503055330e+02
2.721777480378625924e+01
2.120603759897150908e+01
9.344277295176759424e+01
3.712226967491749718e+01
4.741346786714652239e+01
2.079984159730058124e+01
3.551184744310094743e+01
1.007737151160216804e+01
1.164499108103666813e+01
1.537598450159761043e+01
-5.593166707090567735e-01
5.636153887797892281e+00
1.560769239268628894e+01
1.821726481073430364e+02
1.519681414049309751e+02
6.143939627570984641e+01
5.059752983761653411e+01
8.712226512288144420e+01
3.099209074690421062e+01
1.921537026114906155e+01
1.725038310100315186e+01
1.829749001895538640e+01
1.736851904891347687e+01
1.834464707560017871e+01
4.672509105879706226e+01
1.868644384386371726e+01
1.841650677938646083e+02
2.650527873628190889e+01
7.080137671938864230e+00
1.084763778982525650e+02
2.818997143742322464e+02
8.630213927560346221e+00
2.161510891424333636e+01
5.837584043372878995e+01
2.860886410187939077e+01
1.850873819885413241e+02
1.377524029110819015e+01
6.210901092180982630e-01
1.906471825552899446e+01
1.253451748391840113e+02
2.106239999756729375e+00
1.724948946743361660e+02
7.724452817926066928e+01
1.023329337855759604e+02
1.376983969127899066e+01
1.680048338094111671e+01
1.783508244357980033e+01
9.187958538924213769e+01
3.684185082024196145e+00
1.558021480299217956e+02
4.886554906582087021e+00
1.184867794770377714e+02
1.959862194510661126e+01
8.406445674595599371e+01
-1.599116866471059550e+00
4.054133486401942044e+00
9.456900008135772850e+01
4.355799722712188071e+01
6.457773263939050423e+01
9.478146096004303445e+01
4.508099347545416435e+01
9.851997611149614897e+01
9.036287575890449730e+00
4.290135217072670315e+01
1.366416551209669024e+02
1.358386462169245021e+02
8.035820723487795192e+01
3.161300925482450808e+01
1.273308118730549694e+02
1.402127258210782834e+01
7.855662053983886040e+01
1.976596486535901143e+00
2.913195704525415763e+01
1.424572404304063014e+02
1.100567276032827735e+01
-3.667370096354745090e-01
1.648768010561784365e+02
7.508082731437436053e+01
9.011185988974477823e+01
2.622989088129601498e+01
1.315642794695016882e+01
1.098311413204888787e+01
2.045837738424586050e+00
1.264832122734382693e+02
2.646839209299069040e+01
3.384269412606889205e+01
1.562250176529091732e+02
1.495404598340392113e+02
1.011692134257480973e+02
2.286582216468402251e+01
5.699836758511401769e+01
1.912346595599194998e+01
9.645276672611861102e+01
5.398726585037866954e+00
1.304029809834922560e+02
3.330066632605576871e+01
1.370312134007712928e+02
4.065437385440483098e+01
1.952712634909199707e+01
2.294995144508890661e+01
1.261026816490818305e+02
8.523429262253800687e+01
3.254827396498867387e+01
2.676112842796915103e+01
1.816136339010037659e+01
1.216050369084533713e+02
2.870149467493998685e+01
9.108672589745211212e+01
2.145964652996220323e+01
5.074621336902166213e+00
1.106434352200428890e+02
9.766663697482096040e+01
3.639026075995192144e+01
2.112040074048233151e+01
1.187168713156631270e+02
1.317739220291606159e+02
2.440666291050063563e+01
5.928760992070101210e+00
3.523810371710685896e+00
1.242402537509665876e+02
2.731148313479265255e+01
1.379355833087796412e+01
2.859626249121762953e+01
6.020096586038139463e+01
1.414674000074933247e+01
2.366137634701775383e+01
1.797442133578616108e+01
9.428424689394859115e+01
7.034794645161833726e-01
8.767143373503536452e+00
4.877030790189616027e+01
8.183539622691058923e+01
3.227560734023535360e+01
1.691831900198876042e+02
8.782075764040696342e+00
9.064383717590999368e+01
1.338039922440964702e+01
1.347294916929911324e+02
6.283244823518256084e+00
1.256112949166921844e+01
1.041950899628273675e+02
4.655993668009061004e+00
1.208106291060633986e+01
1.824642140418291216e-05
5.413529041322045998e+01
6.723682464003749715e+01
1.610327519520274961e+02
3.037640488388007398e+01
1.641357940018181694e+01
-5.879098850642796581e-01
4.012678934306949685e+01
8.278916808320819598e+01
6.459317054119146917e+00
2.332110305063626754e+01
9.777364450604840940e+00
2.128726345309149615e+00
1.848521225139214721e+02
3.444171109469097303e+01
6.419227792083411543e+01
1.343305038322024103e+01
1.857281670984943958e+02
1.140317267440575648e+02
5.595482354255323543e+01
5.904513911789143776e+01
2.291111562260701362e+01
8.503087876010644663e+01
1.357168194347875669e+02
1.643944106946873092e+02
4.415297198312687499e+01
2.848820030137039794e+01
6.010655839061671912e+01
7.673217895637331765e+01
2.336990524131963198e+01
1.008110654887640436e+02
2.202360132154505834e+01
6.412845042464216760e+01
5.085243828862551396e+01
9.447057120407279740e+01
1.090144966168865039e+02
7.342691297916006476e+01
1.696562420261129844e+01
3.955759529636115701e+01
2.134018663574801877e+01
1.221901689790468737e+01
3.448455489729400369e+01
1.842339715197077066e+00
1.737384121705298412e+01
1.254318714520783118e+02
1.711636846344219975e+02
1.121903345539011099e+02
5.110802833405234935e+01
2.285699268783098148e+01
2.156018519987581783e+02
2.185581029770010986e+01
2.386553029543114768e+00
7.758987661569420879e+01
2.719861445856718518e+01
3.546219367209877760e+01
1.578408671826592524e+02
3.038851795544247025e+01
2.580636293571041762e+01
2.680806316985278315e+01
5.031094494567094699e+01
9.747350894977198976e+00
4.828642408951604637e+01
3.834026703798254232e+01
8.758368893961607782e+00
5.021002878364617317e+01
1.163224079216835491e+02
1.333305909021675575e+02
4.813899254511240855e+01
7.967325008662109553e+01
1.639986032159351836e+01
3.988281041562664342e+01
7.429119585499661582e+01
1.592817257574373002e+01
9.108264020358119240e+01
3.027141503631109387e+01
1.959054716720217826e+01
4.147664729953091545e+00
1.636385802038979307e+02
5.512776142973052629e+01
9.959893690750342898e+01
2.064753141522180613e+02
1.786338549875356136e+02
9.726626154073690600e+01
1.397502950800848112e+02
8.941519490280812477e+01
3.111940184484170757e+01
2.336280912728742720e+01
5.927189444945659691e-01
1.026731889779306961e+01
4.725091318759438508e+01
1.208415469672921994e+01
3.395973998861434140e+00
1.335459945000470583e+01
9.181680982200568053e+00
1.823359999749194671e+01
1.496577012914158367e+01
3.653089542039712256e+01
1.717776461767117553e+02
5.552028295561801485e+01
1.440591111524244816e+01
2.993355896046552900e+01
2.881046675267144863e+01
5.337802536018602240e+01
4.913132906570820779e+01
1.284885108731994308e+02
2.044723559088217968e+01
1.262979520036247152e+02
3.252606772772432464e+01
-1.201903035087278138e+00
1.784606711962949532e+01
3.111667298313696151e-01
9.515213953639539568e+01
1.423304112931247811e+00
6.148580944655202529e+01
1.969269501024389797e+02
1.609147554018349808e+02
2.621921510979812631e+00
1.989576712127905367e+01
9.773944486513659058e+01
1.413540007364176745e+02
1.496627919571846732e+01
6.632494113322393581e+00
1.889480871523046090e+01
3.100915063313320275e+01
1.674284886679093916e+02
1.259578209266285427e+02
3.599216114375884956e+01
1.731386629518330551e+02
2.464937941157524648e+01
2.317826406286889807e+01
1.140806937235298051e+02
2.171328628727514420e+00
1.076690278785100645e+02
1.370240685887663687e+02
6.598970059347702488e+01
9.836855224509722717e+00
5.735102428886061254e+00
7.357197302414127194e+01
3.202922307474091923e+01
8.113766252676350987e+00
6.140579886441585034e-01
1.205944829061599499e+01
7.311765150123881618e+00
2.156018017548713672e+01
5.992112626896202698e+01
8.888778433036488025e+01
2.081651807098672791e+01
2.229935586746544729e+01
1.153227799329115122e+01
1.430470035139445599e+02
9.640470009247250971e+01
1.056031243353253224e+01
1.786004035649970234e+01
1.651997528877823243e+02
2.709523899402609182e+00
2.854340390616981438e+01
3.860639083789801251e+00
7.256629541712561604e+01
1.633702911428449625e+02
3.600143153498294168e+01
2.681111880707815232e+01
4.912488243879386829e+01
6.893183472251189414e+01
1.470774174059787853e+01
4.710277844054391871e-01
3.104791417150170929e+01
2.504893235469390689e+01
9.936656629788969042e+01
1.070131041489589450e+02
1.140189497252209172e+01
1.574004357802360801e+02
2.684706816882071934e+01
1.121598076589152271e+02
8.109325327616073764e+01
9.589112666670001062e+00
1.185682329660639596e+02
3.809544429407171151e+01
2.081392567078033551e+01
1.776197191118563978e+02
2.019610255910670560e+01
2.366841420366549897e+01
1.936658393566813174e+01
2.190797989782225486e+01
5.286387502048807363e+01
8.235505626890827102e+01
2.257278395001641513e+01
1.114065657116243671e+02
6.092605358993322540e+01
3.480504581580218026e+00
1.282521253626239499e+01
4.137627310480922027e+00
8.233714678190550273e+01
1.229066031547381073e+02
1.262972249522078805e+01
2.388537466173414003e+01
9.203029233915633256e+01
4.837276235401314040e+01
1.151855949543721067e+02
2.098496933669951829e+02
3.854506887087552069e+00
3.275609837086415155e+01
1.454814541402645434e+00
9.077344757965672528e+00
6.265545044732717628e+01
-1.422737998836021811e+00
6.966186120238280921e+01
6.940873546108696779e+00
3.767652895364421539e+01
6.012861313391868379e+01
4.305471113082859347e+00
3.879589880039645067e+01
1.435805358859994385e+01
4.094311349635734132e+01
1.252709808549738000e+02
1.748685310540701110e+01
5.509209060027619387e+01
4.410000385586549498e+01
1.844483605678030358e+01
1.185473761518563549e+02
1.413596382358463472e+02
1.103614645021224874e+02
6.341716609434573826e+01
3.659763735258374595e+01
-1.752564846116537289e+00
7.859964760511149962e+01
1.809351531185024555e+02
1.886868774368134183e+01
3.261658663133219704e+01
1.866447927694376574e+01
2.390043565316116414e+01
1.002727725945729809e+01
1.952825479036965461e+01
3.011693922218568531e+01
8.019698956692185732e+01
1.624492330369083248e+01
5.881996224978281873e+01
2.143362744501251882e+01
2.036927750452828718e+02
2.236572265151706418e+01
6.292241443024924763e+01
4.092115540767079551e+01
3.700561979395970980e+01
1.678699632092220639e+01
1.252150292999434242e+02
1.848842263120748086e+01
8.580208363872067423e+00
1.843906347618158748e+01
8.911810765058598349e+01
5.982336099965586129e+01
1.191795277527457984e+02
5.451195049549462368e+01
1.979956149714184122e+01
1.249701485207285714e+02
2.121744107317705641e+01
1.363807351775762697e+02
2.990655990824019383e+01
-1.657781294046761555e+00
5.264350852508098422e-01
3.473382025502407799e+01
4.909501463648360442e+01
6.967440739110708137e+01
1.491083080351720547e+01
1.320824485694635086e+02
-1.528112487941281961e+00
1.264560979887528589e+02
6.821063703889583962e+01
7.006734782263404071e+00
5.351528619293495836e+01
2.992908012898126469e+00
7.320716996807939836e+01
-9.888277652945369756e-01
1.858817736675697461e+02
5.628041605577338569e-01
4.410184792276090349e+01
3.116181287021460022e+01
1.108998066326705789e+01
5.784439371130801533e+00
1.263677202012999956e+01
4.929640447179772877e+01
3.295110970015041829e+01
4.152245044746524627e+01
8.059287866052416405e+01
1.576710493712782863e+02
1.178511313863467365e+02
7.058439956201306131e+01
2.335519928772477272e+01
3.042921863590260045e+01
1.817823014628151412e+01
4.957319221026198619e+01
8.796950207769531005e+01
1.034545733059436117e+02
5.491133564167311221e+01
1.769778511729456909e+02
1.198883025622994580e+02
1.171840454253321440e+01
1.996230665831854623e+01
9.946514570995736904e+01
2.524889451029892129e+01
1.954493161245747501e+01
2.444921757869208179e+01
7.426818147637899870e+01
5.200379643093431525e+01
8.947132925971392581e+01
2.712133681714851363e+01
4.805484811272891221e+01
1.160256719404404464e+02
2.587920219685411993e+01
6.779940734806875469e+01
1.627079637776315257e+00
1.322711209245044728e+01
1.427851167028214263e+02
2.263198919542669429e+01
4.032302463528532854e+01
2.776420465633747980e+01
4.817242041476671943e+01
1.414959207539210873e+01
7.133642836724594538e+00
1.571329871273563583e+02
3.505305552163910932e+01
2.779109859767770274e+01
1.673928271468933815e+01
6.017806355681269981e-01
1.283191573807909158e+01
3.804007863500481790e+01
2.859940360536179682e+01
1.398022605734813055e+02
4.092030548784909882e+01
1.174887072503777290e+02
6.919828360614367346e-01
1.312161635355494980e+02
6.999638994505079381e+01
8.887629324796223784e+01
4.752785344814760293e+01
7.336098694883864368e+01
5.451109348164871449e+01
1.991749731183838890e+01
2.915379217327427952e+01
1.532607187114739844e+01
2.886272725301142827e+01
1.940674766609054203e+01
6.179869437006199462e+01
1.297845350077627131e+02
6.125072585968477767e+01
2.014084687213879121e+01
6.164041147886533167e+01
2.231878026742669618e+01
1.779512908666525206e+01
1.756786365661621119e+01
4.640967485602758735e+00
7.965005714127188163e+00
1.023290416768135458e+02
1.056461194161709898e+02
1.068841747226589334e+01
1.482700008120979263e+01
1.862229166437620265e+01
2.659490170324644964e+01
9.503780624890322315e+01
1.262016973876110342e+02
1.722000789669710130e+01
1.623585970428301906e+01
2.215060274682049624e+01
-2.988125707130413478e-01
1.704932736440510510e+01
6.165704553075656236e+01
4.073327349551620102e+01
2.237611426641001700e+01
3.276458813036465756e+01
8.282904940631813417e+01
2.719401326097417737e+01
1.614045220700246119e+01
9.088405724034593902e+01
6.582077742558051625e+01
1.272006968980598316e+02
1.390190271994799787e+02
1.679867089855712692e+01
5.851855776148866539e+01
1.065124488196402837e+02
7.790806186341428941e+01
5.719397205119035021e+01
3.578431412017405933e+01
4.491372288164962256e+00
4.034891013121046477e+00
5.191118063997700460e+01
4.309665635444717680e+01
1.593609477848866618e+02
5.510446161593645797e+01
5.648158484140038382e+01
5.818855064874826866e+01
6.596225169561114399e+01
1.369987357722278709e+01
4.071845590443117402e+01
1.005625857977252480e+02
1.049236744111767905e+02
8.860691879531084680e+01
4.272542260930314484e+01
4.220108557317638542e+01
1.596903157582363235e+02
1.127415553506490795e+02
3.131773272878490388e+00
3.145312535559106593e+01
8.466881575985262032e+01
4.252927556040422274e+01
7.687733269438189154e+01
9.144578695054258688e+00
9.336471251613143352e+01
8.892315774868428946e+00
8.707177890618648064e+01
1.029451553371317658e+02
9.546480392832658879e+01
2.225596011561937715e+01
1.804815256800274526e+01
1.453512622483025893e+02
2.092315729103409794e+01
2.391766692924043269e+01
1.832277037151737176e+01
7.957781358255401472e+01
1.375341388567628371e+02
7.609315220790085732e+01
6.054749379353411598e+01
1.921434105814108761e+01
6.270403100323686374e+01
8.709966731232219317e+00
1.295096697803316665e+01
2.018837042647553659e+01
8.614882096284349089e+00
1.290046055047791462e+01
1.439574061983926256e+01
4.757583077798523163e+01
4.109279892073934803e+01
1.170940808622064964e+02
5.850816273135635726e+01
2.159494468069500428e+01
3.097326253257337925e+01
2.808609301965464766e+01
1.953469484729571093e+01
8.312452314506350604e+01
1.470651608654200082e+01
1.578978284769640261e+01
9.931507355835512385e+01
1.598803134874673626e+00
2.484482264232933346e+01
4.277554349565813396e+01
1.756000298255477077e+01
6.496737640308737127e+01
6.257610565014360304e+01
1.066923345615592780e+02
1.546701319284495035e+01
1.470142765481126617e+02
4.017059179337769592e+01
8.683349422917235216e+00
1.595710204973793545e+01
7.135919750054972255e+00
2.643147170906891219e+01
1.049194281130244519e+02
1.929747480057975793e+02
2.333512385392040045e+01
3.766937830783864172e+01
7.746658959453776561e+01
6.763772526403982077e+00
1.614710648636763040e+02
4.058800516622513399e+00
7.486260420177723063e+01
7.471839955580468029e+01
1.148764633936090362e+01
2.358442523799341117e+01
1.431112790639922139e+02
3.926546111563011010e+01
5.907024603780862293e+01
3.451087726017404123e+01
3.256261195559454791e+01
7.779787568230275063e+00
1.254054312401446580e+01
1.536333038611179269e+01
7.430457090035183398e+01
9.876579250094718532e+01
1.459459083041334537e+01
1.948620649992139064e+01
7.329788082307194941e+01
4.932989851212212784e+01
3.705014931930583089e+01
9.038693182161958362e+01
2.046511416863985389e+01
3.461412104429486192e+01
1.919271182293551803e+01
2.843143896489823241e+00
5.177807237538243612e+01
8.076472396400264131e+01
1.818879831813271153e+01
3.010421147291017618e+01
2.001456278671431477e+01
1.506823253688540376e+02
2.638989917299449317e+01
1.431823448004151089e+02
1.556975967008620501e+02
6.326960474815703606e+01
2.032577584720919504e+02
1.156666088836968385e+02
2.638470943912053457e+01
9.822119249913571082e+01
1.212821906624439663e+02
2.440090725344391487e+01
7.568068328385390942e+01
2.246452985489629128e+01
2.978250132754137880e+01
5.127229995712418997e+01
1.573454818273041269e+02
1.504476454654261453e+01
1.893561424690345163e+01
5.380488669293495008e+01
9.044849139383686065e+01
-5.040419318359345285e-02
1.984440493207825185e+01
8.825413901231033265e+01
1.372690089694541768e+02
1.332206749385525413e+01
5.344882587358858217e+01
1.960866025258135181e+01
1.280543908352479399e+01
2.295955847334908384e+01
8.058824106250968100e+01
5.911387473812555271e+01
6.300244998168153643e+01
4.922121261915908974e+01
1.042905360686421403e+02
1.783636681658961010e+01
2.629137791829765902e+01
1.074845519160881224e+02
2.902725747571633974e+01
2.576853369190264331e+01
1.999896527492612677e+02
4.576243449053875878e+01
1.226627075262796218e+01
1.878775343271438203e+01
3.169750716346418429e+01
9.636103338089771597e+00
9.359358025071770726e+00
6.388512301920182068e+01
5.590575655391402421e+01
1.119280698627112436e+01
1.452070556769827370e+01
7.079799474048050456e+01
1.478817097863737615e+02
7.323110945440429020e+01
1.024127559180827873e+01
5.596286395664009916e+01
3.983733666324042844e+01
5.734028955104565028e+01
7.274460219301660402e+01
1.311636243160441584e+00
2.135153192664910904e+01
7.256465358323985981e+01
9.865347558997711985e+00
2.465666656657443312e+01
4.589411770745390129e+01
5.604486692470432985e+01
1.211960436955140885e+01
1.437404331148052528e+01
2.257115500580025724e+01
2.779116007351679585e+01
1.637799369334207427e+02
1.856816024907059060e+01
2.229230759257697514e+01
7.485032063888851894e+00
2.949533689349289034e+01
5.334501394626585835e+01
1.325248828512270194e+01
