-2.644105206188960366e+01
-4.175208949818760118e+01
-3.029986430057648406e+01
-1.869923287608219908e+01
-2.133241764435111776e+01
-1.684549453441965738e+01
-1.608476335723725299e+02
-5.183358062623365470e+01
5.240800299129434592e+01
-1.613703168364941121e+02
-7.258151610653315799e+01
5.290501970705355106e+00
-2.815751055488525623e+01
-2.011901954640694257e+01
1.601836138041712232e+01
-6.061054820086265948e+01
-1.368191883455792635e+01
-1.184972777666083630e+02
-3.559683671496360802e+01
-1.911326916856075968e+02
-5.454607953499758821e+01
1.118642927803422111e+02
1.117293454990426937e+01
-2.416611729815597798e+01
-9.620239667322731947e+00
-1.364612252130420700e+01
-1.738160185000350282e+02
-2.791093268359428237e+01
-3.136041910003754651e+01
4.577481961603999139e+01
-6.857017034964158597e+01
-3.297375687555815205e+01
-4.812102039920811336e+01
-1.163328508290046770e+01
-4.926162009029346223e+01
-3.538021499739762987e+01
-2.672051805117438050e+01
-7.902522322165606283e+01
-6.056647818909207004e+00
-1.123899470562526659e+02
-1.009749412602814544e+01
-3.757268925404012805e+01
-5.088277687098403135e+01
-1.149553005248723139e+02
-2.466365998594724829e+01
-6.628727397181675940e+01
-3.704440672478597918e+01
-1.455676197023683756e+02
-1.771660046238403368e+02
-9.944056593459069404e+01
2.016694030304044816e+00
3.850407865888636394e+01
-9.341543950432782140e+01
-1.006532248289885985e+02
-1.388773491515988212e+01
-1.577679373692869831e+02
-6.108477591668034989e+01
6.270610532133421344e+01
-3.406578244494243535e+01
-1.341473169067607785e+01
-3.689197431763352597e+01
-1.721729918060337994e+01
2.647393188788291951e+01
2.500188990349065676e+01
-3.156562860090352274e+01
-1.599550809735946899e+01
-3.825768692757023359e+01
-2.451078053601359130e+01
3.129135436687048255e+01
-3.469258401134712244e+01
-6.279437855089561538e+01
-6.694314806677007823e+01
2.467445876554548789e+01
-2.350522902365254296e+01
-4.980729015240987678e+01
-1.449394013623942357e+01
-1.727035103474962625e+02
-2.723021153940274530e+01
4.468797402014134690e+01
-1.679225913337029397e+02
