6.835304934781358810e+00 8.510708663267482876e+00
3.285757322582458784e+00 1.423653596619956296e+01
2.403315435265930056e+00 2.816485714781586491e+00
9.074421508390935642e+00 4.673075853169562421e+00
4.720846629637202696e+00 1.044099262155985919e+01
4.044899192454524339e+00 7.125244498038080465e+00
-2.868017302214397990e+00 1.298092464942156887e+01
9.127099785150491584e+00 1.276192634065168008e+01
-8.046275466848795688e-01 3.746181291822331394e-01
-2.826208071432343427e+00 1.394407671525366688e+01
-3.740328368635044143e-01 9.080722965802262792e+00
5.893943049200242257e+00 2.744730404068738139e+00
7.352771865092266879e+00 6.870375978788868743e+00
4.797176872961724570e+00 1.006981588240670433e+01
-1.337024069878387511e+00 2.120698969836033676e+00
-4.253473959643710778e+00 7.839143154527128843e+00
6.505716538156999462e+00 4.898804559647736312e+00
-1.798167463941561905e+00 1.103225300918633955e+01
7.026090194298134861e+00 1.235047960396779132e+01
-4.174401287209985156e+00 1.460550321073267277e+01
