6.835304934781358810e+00 8.510708663267482876e+00
3.285757322582458784e+00 1.423653596619956296e+01
2.403315435265930056e+00 2.816485714781586491e+00
9.074421508390935642e+00 4.673075853169562421e+00
4.720846629637202696e+00 1.044099262155985919e+01
4.044899192454524339e+00 7.125244498038080465e+00
-2.868017302214397990e+00 1.298092464942156887e+01
9.127099785150491584e+00 1.276192634065168008e+01
-8.046275466848795688e-01 3.746181291822331394e-01
-2.826208071432343427e+00 1.394407671525366688e+01
-3.740328368635044143e-01 9.080722965802262792e+00
5.893943049200242257e+00 2.744730404068738139e+00
7.352771865092266879e+00 6.870375978788868743e+00
4.797176872961724570e+00 1.006981588240670433e+01
-1.337024069878387511e+00 2.120698969836033676e+00
-4.253473959643710778e+00 7.839143154527128843e+00
6.505716538156999462e+00 4.898804559647736312e+00
-1.798167463941561905e+00 1.103225300918633955e+01
7.026090194298134861e+00 1.235047960396779132e+01
-4.174401287209985156e+00 1.460550321073267277e+01
2.312209798916515346e+00 1.495939944865788007e+01
-4.504333744257874805e+00 1.344829709998678346e+00
3.917214560484959307e+00 1.582125275986929758e+00
6.905983124115609328e+00 7.084836672529347901e+00
8.293621159610262694e+00 2.561223903246591327e+00
9.268944117747283329e+00 4.386187739627004589e+00
-3.237838564161860333e+00 1.401815944586703466e+01
6.704266662945835620e+00 9.823921809208348677e+00
8.732398247883001119e+00 6.382487381576964935e+00
-1.552547349202040738e+00 9.766852301305611883e-01
4.203673536115823950e-01 1.129544341345537894e+01
-1.944132546622752145e-01 4.480618145488374893e+00
8.245101524361942325e+00 1.411063488555579504e+01
-4.584010088624674850e+00 6.339899619695263056e+00
1.303054068815911570e+00 7.281406472516735562e+00
6.401402177082069045e+00 1.474778689743998861e+01
-2.617423408407066887e-01 4.053071999034545847e+00
-4.470948409104077648e+00 8.912681415592592415e+00
4.209554938350455799e+00 4.688171389218053875e+00
-1.749120557717165791e+00 9.980961947240166054e+00
5.689159586842997385e+00 6.281710638478436692e+00
7.339293649239284179e+00 1.203343566371673035e+01
-1.245896139123034985e-01 6.140304822947301844e+00
-1.938669947536068250e+00 9.284036399386138783e+00
4.810498556090987421e+00 1.190913487439351570e+01
7.695980322624054182e-01 1.207056676437348663e+01
8.692581341564993735e+00 8.037504497021934924e+00
-2.413266935973235494e+00 1.299558530827833103e+01
-3.323923351332531695e+00 1.451197433003389214e+01
-2.001559284199751598e+00 7.565920096404622264e+00
-4.356687998007938489e+00 5.474112448804417497e+00
-3.390805583840936777e-01 7.580463769103668037e-01
-1.435124889234087320e+00 8.462202087175425547e+00
-3.710209348956987174e+00 8.673309118026287123e+00
-2.271920901942854343e-01 3.270050629057799085e+00
-4.685599052516719709e+00 1.273221510442552606e+01
-1.280383032286911416e+00 5.873352806126737491e+00
-3.821933186558035711e+00 2.355854793169795514e+00
2.717337302188657766e+00 6.669792398671207323e+00
6.903860813063120716e+00 3.154266153077692536e+00
9.474296500265623422e+00 7.540335137299669199e+00
4.634955889298577603e+00 8.775091119051690924e+00
-4.705238120543139502e+00 4.991416372378521871e+00
5.448208457630947521e+00 1.134185572108483253e+00
2.299428255825565870e+00 2.767440577965488480e+00
7.610281455829673192e+00 1.905723916670989837e+00
2.792432968830016904e+00 9.315601711698779042e+00
3.736175493024045835e+00 8.640640655281616844e+00
5.323109676758006614e+00 6.952450315610164688e-01
9.617417583630794908e+00 7.072087199017522252e+00
4.619655801223281344e-01 9.532505678110998915e+00
6.858960374905569424e-01 1.193246809353083115e+01
-2.393037457478068397e+00 2.311331151926307559e+00
6.874217181544079125e+00 6.936416520772993088e+00
-8.327725536472341261e-01 5.460400276178239309e+00
6.899230933717525716e+00 3.445255857490292950e+00
-4.248702862879076392e+00 1.299266211814969552e+01
3.080934035548800409e+00 6.072753209263818341e+00
9.953213653245668979e+00 1.596756793273094832e+00
-3.012205668720608465e+00 1.432825194218672138e+01
