-6.015469483558755570e+01
2.802670065688164414e+01
2.225150105848086213e+01
9.001624393778669742e+00
-3.451520410724702970e+01
5.975881410407670558e+01
-8.717748695164183914e+01
6.110227479306269061e+01
-2.746295686949248704e+01
2.711575145515529073e+01
4.365897953191813485e+01
1.768036918810089020e+01
-2.172334162042886874e+01
-2.803285045348900439e+01
4.848410022571023603e+01
3.749491040787668794e+01
-3.163690487582783817e+01
-2.436844685827112755e+01
7.391217391120750335e+01
-3.166133900957119351e+01
3.788918079411234885e+01
-6.746169552458118801e+01
8.007274427850333609e+00
-2.160958099329899085e+01
1.398275468391318554e+02
2.309253184249513993e+02
2.415314552767323875e+01
4.254089252517977826e+01
-2.617642256565795833e+01
3.544877032259339700e+01
-2.624989462499883075e+01
3.915130028486970559e+00
-4.048831648487055901e+01
3.461590724117105822e+01
4.318857354510927138e+01
2.124584729911701686e+01
4.307820775200426056e+01
6.294169189967623623e+01
2.586274386555658111e+01
1.456645358313576111e+01
-3.522008242462126759e+01
-5.871162667794550316e+00
4.088303166632998398e+01
1.249251532325971112e+02
1.071120507917018756e+02
4.788882314478485114e+00
1.709970208418506132e+01
1.081147878567863501e+02
1.040020080239810767e+02
-8.562979101470929777e+00
8.374510733818020469e+00
1.269131794123488675e+02
-3.556302250570921331e+01
6.012970309075784314e+01
1.231749021521159548e+01
1.657764303989612387e+01
1.175975587174701076e+01
9.881993919148639804e+01
-5.093502528674417817e+01
-5.977190652964694806e+01
2.088125706338104237e+01
-8.279374206053120133e+00
-9.246615221813502217e+01
8.262492221642787626e+00
3.147482438504226820e+00
-3.492283387099774927e+00
-9.413126465080907224e+00
1.971696408809523859e+01
3.591910699156109388e+00
1.378034297020870440e+02
2.547544762950625596e+01
1.693422041055168847e+01
3.738924134325372961e+00
-1.053973226368886458e+02
-1.218039937141864471e+01
5.767184034576739293e+01
2.754974334955431203e+00
9.168000626255843599e+01
2.108400569846455710e+02
2.405424076186421445e+01
4.287866569227432478e+00
-3.765879411421978773e+01
2.899090913250937263e+01
1.453277415460531472e+02
6.248542010144716130e+01
3.031336007497215945e+01
3.521195532321671351e+01
-2.792846221919533889e+01
7.730631511853658822e+01
4.272239476582659989e+01
5.111017087661996783e+01
1.660726410815739484e+01
1.016276928371252097e+01
1.138065294505623797e+02
5.575431070616872375e+00
1.677131978188318726e+02
-2.572705949964930738e+00
-8.981429217681412069e+01
1.493678020446640176e+01
8.843440298642278208e+00
1.105190735130590411e+02
-2.310930583276007866e+01
-3.546208832788795462e+01
-1.052164996567627213e+02
-4.094320342893783504e+01
-2.341099419879658683e+01
6.488874280973227826e+01
-3.199491466911679538e+01
3.067563531210834782e+01
1.398048582205809112e+02
3.064602440453811028e+01
5.971157189972213786e+01
1.042849693142758269e+02
3.170830148666217951e+01
-5.735817157646153674e+01
-1.427289147048946916e+01
1.131498843671350585e+01
1.453480929719741255e+01
1.995258397715614649e+02
1.233651839925713034e+00
7.104594797656034189e+00
-1.195469655181997410e+02
4.153682702862084852e-01
1.779442621727726959e+01
1.855817496578262649e+01
7.985898024280828622e-01
9.254528190511450703e+00
-1.339479684595743691e+01
1.559870216201148025e+02
-4.670878262711369189e+01
-8.844340853211876663e+01
1.311672688856903335e+01
2.190084130431981180e+01
3.033581281088103765e+00
-1.532287379113736847e+01
7.761921887629000594e+00
-1.092440505085996705e+01
-5.403208323318212081e+01
1.040005499735881642e+02
7.973950739582696201e+01
-2.543987874236634639e+00
-1.096549429185457143e+02
-1.291403576938133568e+01
3.757855927650212635e+01
-4.819069318578104344e+01
-2.057848598416228469e+00
-4.884578611630900014e+00
-2.839326316313000120e+01
-5.082347906782629821e+00
-7.786176001771157473e+01
9.220078617433401291e+00
-5.713514266731885272e+01
-1.505574984971681829e+01
-2.875658668301772991e+01
2.093675513626693601e+02
-9.849751610394444867e+01
7.786800813940558896e+00
6.317841805483367068e+01
1.222792621773922406e+01
1.206255270111000044e+02
-3.587156018622528819e+01
2.829538290882312879e+01
-9.955890951647765519e+01
-4.840908840337927188e+01
-1.937804393265277270e+01
-6.916672968462573579e+01
-2.456495394923474151e+01
-6.582167680592095849e+01
9.115323293710801522e+00
3.188307143563573476e+01
9.459811325827871542e+00
-4.580866866095643530e+01
4.880048925102383350e+01
6.191792109877596317e+00
-4.678637217955740368e+01
-2.845864891417139120e+01
-7.762755142212419912e+01
-5.734510998296111950e+01
2.392685203322045595e+01
-1.025247060770489611e+02
8.884846901917363482e+00
1.332266529418012624e+01
4.504359385022943485e+01
2.550666146997821926e+01
-2.373895606258756885e+01
-4.596890281231964082e+01
5.635122450109307124e+01
-4.245790746534784432e+01
-1.293820538773476869e+01
5.448173371241414742e+01
2.293887804618776727e+01
1.746605564247609976e+01
3.073251788828921605e+01
-6.179286656608449846e+01
7.437061940053317244e+01
1.995262992888996223e+00
2.839653683879883772e+01
-1.424305829029730575e+00
9.164986756888666264e+00
-1.074904878287554766e+02
8.398304101683123690e+00
1.185218408252897859e+01
-7.748824831159390669e+01
5.537725216045183885e+01
4.442551159678984618e+01
9.547643356285107075e+01
-3.859754344501574508e+00
4.175367800849457467e+01
5.264275106173457175e+00
6.702272608512448926e+01
-1.096631326688141996e+02
4.344013759550250597e+00
-7.204924138896912211e+01
-3.010805129716442252e+01
-2.357070266275505332e+01
6.239612297831405385e+01
-1.435485406406060349e+01
-5.142306330663501512e+00
2.508368464708674139e+00
1.627364576442530364e+01
9.037278633423852625e+00
1.601609062380080957e+02
1.400383968134995882e+01
-2.662081715962976602e+01
-4.090641698824346406e+01
-6.105785847078564643e+01
2.676644036752932720e+00
1.243225184860833110e+01
1.291713714391419643e+01
2.223025051883780634e+00
9.326858144155254138e+01
-5.812694774908894146e+01
-2.237068118220635426e+01
6.516550882619577578e+01
-3.372794060758590717e+01
-3.755922897726964038e+01
-6.134124411248080833e-01
6.206261860120467588e+01
-1.244678859836662355e+01
-3.828765386402666593e+01
2.617307547678070989e+01
3.368163136003929026e+00
-5.411577055106917555e+00
5.783321462665284685e+00
-4.493190975119109254e+01
-6.462951712445872943e+01
8.836945626678024723e+01
6.318322719971813228e+01
3.090599614969224618e+01
-6.639667931157376302e+01
9.431882487175751351e+01
2.054600262798521371e+01
1.553212655759034249e+02
-6.041303945627853977e+01
-1.407422508750029522e+01
-3.626629468291800151e+01
-2.375919046131571122e+00
-1.305063534683768012e-01
-2.892017188982046605e+01
-2.070857221760289235e+01
9.595822471390252417e+01
1.007256562878098975e+02
5.386708436188385463e+00
9.563110028394532947e+00
3.922760233073303482e+01
3.495264375378777544e+01
7.938853343791673467e+01
-1.042149898082753623e+01
7.464384714579327351e+01
5.850390032405385909e-01
3.922191581028108232e+01
4.031881483023047963e+01
3.051563632264220871e+01
8.900641976102789954e+01
1.451970781307102527e+02
-2.702257914421242901e+01
-4.933536059621630443e-01
7.500401048646764934e+00
1.839081044576378332e+01
1.215463730993810998e+01
-2.744986248410455687e+01
4.740379260595737776e+01
3.527593905230418159e+00
8.588325883517342163e+00
1.290080880449075380e+02
-2.055065196811197836e+01
-2.301793285040955794e+01
7.776830854301351792e+00
1.643083364115362883e+02
-2.827744365996374398e+01
-1.838336925441029734e+01
-3.730696154836400069e+01
8.252000715848458867e+01
7.452136601266246885e+00
-2.635994688419739873e+01
-3.162297663662389624e+01
-1.892432606323086475e+01
7.811401021390307164e+01
3.813081432299497919e+01
3.297977800833280071e+00
-4.229855575246950394e+01
6.191151444735804432e+01
1.076873258210355289e+01
1.342237315034360279e+00
2.028563910326676876e+02
1.750856107368779817e+02
6.304124055136198024e+01
-4.524364432967828975e+01
1.112037188108312762e+02
6.707838837472495186e+01
3.963034680007019972e+00
-1.394990169488948339e+01
3.080329272719637856e+00
1.794513710473265888e+01
-1.453085721314516832e+01
1.009976471624120506e+02
-7.568020146398302472e+01
2.058391482547918656e+02
-2.473794006009130442e+01
5.208054008990571759e+01
2.173806427431529187e+00
2.473260942760587966e+02
7.146104790962255038e+00
-8.431010028005978540e+00
-4.335811232315674602e+01
-2.453504645768562042e+01
-4.328512636590886586e+00
8.269614047726463468e+01
2.442380747867491664e+01
4.991515079007932343e+01
8.866092726122531076e+00
4.000281919442782907e+01
1.997802630421814456e+02
-1.155264456973304874e+02
1.570488373220700566e+02
9.184430921661501657e+00
-1.549307205709256152e+01
2.678750572590888979e+01
-2.560081406022625572e+01
2.905181700664088140e+01
9.370240974473333040e+00
6.044512834082402719e+01
1.426865980138617260e+02
-1.792568830733542740e+01
-2.755843666679459147e+01
5.631802859760998814e+01
-6.102127120085958722e+01
-2.688029389320847429e+01
-2.685168123093455250e+01
1.257918961625958048e+02
-7.026545502242314001e+00
9.599831380586641671e+01
7.315328261105705110e+00
2.285526277858319588e+01
-4.395646614816354258e+01
-3.248410631218824562e+01
1.414645047268441544e+02
9.483898619298514632e+00
-3.553314844107853787e+01
-5.514300782722652627e+01
4.023337408739251941e+00
1.117743972339845158e+02
5.984558249239756833e+01
6.642249245187701945e+01
-2.718244355683501112e+01
-4.862364032466963693e+00
4.796884240347685591e+01
-2.286047066797840444e+01
1.297559958379468696e+02
1.308989166516121259e+02
-2.061074470738911657e+01
1.511369853925722850e+01
-1.562743895195185928e+01
2.243897681109344688e+01
1.613264160646671996e+02
-2.217621253420853122e+01
-3.229899422827122635e+01
-2.726295373349151419e+01
6.116967009394358001e+00
-2.953039516360055927e+01
5.560283545613486922e+01
-2.385350908386376290e+01
2.578248445297016644e+01
-2.406425718293480998e+01
-1.967571558569183310e+01
-2.197792715084693782e+01
1.153317998597196947e+01
1.567590332520129266e+02
9.033773166199202365e+01
-1.805662833583838633e+01
4.186218982323156723e+01
1.652084313343285658e+02
-2.841236902321497837e+01
-3.659858013497068185e+01
-7.606063901191922128e+01
-9.157600960743565111e+00
4.758894231987895296e+00
-2.189268219384877057e+01
1.558133903706531100e+02
-2.059815311234539337e+01
4.359943752123375305e+01
1.612724203945709860e+02
2.185945986094836258e+00
1.395427882312461065e-01
-1.274488967313250498e+01
-4.880214191205200791e+01
-2.116269198090860471e+01
-1.071453827803760106e+01
1.669270647820712483e+01
-6.263476463445857689e+01
-1.945391560841234480e+01
-1.041465537222931630e+02
9.397844006742658962e+00
-8.820467756374000601e+01
-1.085759653152384061e+02
-8.522205910136861462e+01
1.776017819589737456e+01
-2.189246123014027745e+01
1.580058065939740004e+02
-3.415208908311760183e+01
-5.432485424833373600e+01
-1.175028247200031615e+02
1.261981353970892457e+02
3.843192537227803030e+01
9.680073788940717350e+00
-4.926472641368349059e+00
1.508173126872230796e+02
-8.087975626961966924e+00
8.481975053199647618e+00
2.032272127758465174e+01
2.225197039877613037e+01
-3.360170745047254570e+01
2.976150133976254608e+01
-4.133573139800991214e+01
2.717397065167235937e+01
-7.369412265421561870e+01
-9.177554952635276209e+00
8.574066281295372960e+00
6.576829778902109069e+01
2.039499683952060138e+01
4.070735162865560142e+01
8.888044902184580565e+01
8.890714573809987087e+01
1.432223535514670942e+01
-4.534166347913500772e+01
4.932381417188670980e+01
-5.808926755793068253e+01
-5.282712211161395999e+00
-2.537474427345891570e+01
-2.704188402068022867e+01
2.254246403673406007e+01
2.079922191298033169e+02
1.668331476651169396e+02
1.129522463589288179e+02
-2.813860609543765179e+01
4.196023112103883079e+01
8.501392503093128994e+00
1.549126099718140495e+02
1.917155361691539497e+02
9.543883473689487573e+01
-2.255785371871743905e+01
6.773340985025640748e+00
-9.263062387993619495e+01
5.666886409538794567e+01
8.406935207020282519e+00
1.207458423191118868e+01
-1.245868586387025232e+02
3.769760230843530735e+00
-2.754913374570799078e+01
1.540877058855941755e+02
9.351518820839871182e+00
1.107982585290292832e+01
-3.591981562711759324e+01
4.312120274640790285e+00
-7.648132234239426452e+00
1.110862666529235554e+01
-1.569468018218100269e+01
1.572557808286325809e+01
-3.450544596731781155e+01
-2.391287583097989966e+01
5.851366403453411635e+00
1.056022487403167105e+02
4.094983819002640502e+01
2.184202705187596507e+02
-1.501854518566182861e+01
-1.133231767909053644e+01
1.328127006413381821e+02
1.023623772090344630e+02
-4.712397824546636826e+01
-1.873323331017505211e+01
-7.566990688259170383e+01
1.463040213637405884e+01
-3.552898556291413001e+01
-2.147408627972689033e+01
2.876747878780645351e+01
-1.940331079859710428e+00
-3.352469165453918265e+01
-6.870210830430224291e+00
-3.398083094458518616e+01
1.232765781421714308e+02
1.690349812870139772e+02
-3.103241942253849572e+01
1.189044240968191559e+02
8.573094349602200737e+00
8.612855308300672164e+01
-8.537205367166578185e+00
8.453017480461610944e+00
-6.915517467855167411e+01
8.004900169758505513e+01
2.096924853488832241e+01
-5.068169701396832494e+01
-3.050004341357562510e+01
1.140098694827270975e+02
1.330793554574281075e+02
-1.430573238262903146e+01
-2.590588131566971697e+01
-2.701751502896465240e+01
9.107181826182852546e+00
2.580892809254706322e+00
6.872011729613765851e+01
-6.570920887433331359e+01
3.344450947334273394e+01
8.168972757694035636e+00
4.167189063432698504e+01
-1.153579031889979234e+01
1.600525536809750093e+01
2.572877062382706015e+01
3.383920857400312343e+01
1.204322646446178169e+01
-8.581436095148956156e+01
-6.042008453898963438e+01
-6.853017784124958212e+00
-2.578185355571068271e+01
3.346547937168760711e+01
1.322086355603707375e+01
-2.481339371319412379e+01
-2.548005461778359404e+01
1.120594928083595505e+02
-2.688273691239922414e+01
-1.655557234476678730e+01
9.214782916236018195e+00
1.346838985920054199e+01
4.633359931651644814e+01
-1.572125651191043261e+01
4.679966788510614606e+01
1.126531899801046279e+02
5.658760981559444758e+01
1.142979915970375089e+02
-1.193433591200488308e+01
1.706166841189339891e+02
-4.320801723009095241e+01
-5.521675435592193537e+00
-7.074504956041803894e+01
8.559707952855958979e+00
3.240383507353463699e+01
2.752568129539780983e+01
5.113387402200268639e+01
9.666087888682153562e+01
1.676770715588788221e+02
9.215128736327926617e+00
-6.256602112321021281e+01
2.064046813216035048e+02
-1.926351222075493297e+01
1.300692477877261410e+01
-5.142567014827409366e+01
5.007449649277891979e+01
-2.801733892573230378e+01
-2.718272414414022364e+01
-2.485483976249241067e+01
7.180622722190953766e+00
2.169846133842198554e+01
-4.042640383587853137e+01
7.443087857411897801e+01
-2.418820436444855915e+01
-2.551201447832097813e+01
-8.755451312136551678e+01
6.585054211294568915e+00
-1.698397556987946899e+01
1.184392097071249310e+02
4.844707179257881080e+00
-2.671328553482106827e+01
4.388165795740320618e+01
-1.454213447163283490e+00
1.902749675123018278e+02
1.211853044382094566e+02
7.475693123499598869e+01
4.756281141522452316e+01
-2.404800692307789234e+01
2.253377658993350963e+01
6.458715490261758418e+01
-5.918813674412106707e+01
6.671472053242013089e+00
1.967462794701139330e+02
-3.375213421112059109e+01
-2.778913400250074517e+01
7.805493722386039224e+00
-1.133511912165725022e+02
-2.224849491042519389e+01
2.326459004085282345e+01
7.867893346656428832e+01
5.831782818071105368e+01
-8.231007597380369134e+00
1.421922446493682060e+02
-1.284125311753464871e+01
1.862257387237860939e+02
6.059181390825503399e+01
-3.591804758217084270e+01
-3.723591804637766245e+01
1.746800840157796131e+00
-3.033763886454445924e+01
8.604429783835337275e+01
3.358816959940861580e+01
-2.374698222057109831e+01
3.168026674512122298e+01
1.253812808084575181e+01
-1.104301722909656291e+01
1.966154329140933754e+01
-1.012452066072268053e+01
7.588929943123446265e+00
-8.664336684405371614e+01
1.642157336480482286e+02
-6.204756253555163426e+01
-5.629927808444924153e+01
-5.738079160083650265e+00
2.538781423776099899e+01
1.349100817569219544e+02
-3.706228469783251001e+01
2.980649023916230078e+01
-4.437354007904305320e+01
-4.420366617333584713e+01
-2.468568352280173883e+01
-5.354839131180270329e+00
2.171238134821639676e+02
1.456437767524764126e+01
8.492976742710919780e+01
1.969795739441305926e+01
-5.456858276998194412e+01
-1.219552933983742804e+02
4.068325289016209467e+01
-7.366631786630406964e+01
-4.543672148624153806e+00
4.956923824125584588e+01
-2.514198342411189913e+01
4.306972232165552583e+01
1.218429524834959921e+01
9.238360765025473142e+01
-4.409577616317533000e+01
7.612187491658929162e+00
2.605391308332364275e+01
-8.162588278918204310e+01
7.366778009898895618e+01
4.576318117884429171e+01
-3.589032213401759464e+01
-1.173584126280070450e+01
6.580269213008364204e+00
1.090493939189049684e+02
-3.877001103414229988e+01
5.449727894210302281e+01
8.850141690709737929e+01
-1.695969527403590860e+01
-7.897650235090912929e+01
-1.099386699472914444e+02
3.063090265203761930e+01
1.789006268305632830e+01
7.099689118419547640e+00
1.939717548044170314e+01
-2.396129209349271605e+01
-3.116970572267960904e+01
-1.273135604520915365e+01
-7.918891349465931739e+01
3.184679349226737344e+00
-7.356934506513823635e-01
7.692790848625904232e+00
-7.256616902450763007e+01
1.167899630801883859e+01
-2.550747131810589252e+01
2.752021821669021051e+01
-2.392121404003667351e+01
-1.433113745598392086e+01
-2.914610620430693189e-01
1.998975650646103475e+01
2.900707802592080498e+00
6.341341729672306826e+01
3.768512606580102897e+00
-1.935204478115942095e+00
5.194653633522478486e+01
-2.377441071566191511e+01
-3.946989552698597237e+01
-3.303342001575300912e+01
8.914709950127549121e+01
4.480879618654061147e+01
4.035180362621200345e+01
8.952613378770337249e+00
-2.816153889215418360e+01
7.131088718175263352e+00
-6.638761597730618291e+01
1.432171749844110309e+02
4.602615633561749320e+01
-9.684749411382384210e+00
1.284221163522414315e+02
-3.313532913691660298e+01
1.010477460182803213e+02
-6.395997691643329830e+01
6.086334249649993922e+00
4.690699927937564695e+01
8.972687681377891522e+00
6.529387843133858382e+01
9.507314286646858648e+01
9.816125528974907866e+00
5.006398572959232496e+01
-3.155863573661852683e+01
2.910083603225092830e+01
1.100894243539183037e+01
1.965764690812625304e+01
-3.778368980041327063e+01
9.781485082665000164e-01
1.951096890301508893e+02
1.556007623858450586e+02
-1.840543472791037516e+01
1.655048822450592638e+01
6.523996846446101472e+01
-1.550458511407377671e+01
-7.908749260774406764e+01
1.020801254936952631e+02
3.810681737589305840e+00
-4.166201216444609656e+01
9.636521793567567329e+00
-1.634971474032155925e+00
2.179584809311064220e+01
1.007128104815675584e+01
-2.494952920744631797e+01
7.367242300092868845e-01
1.896336564932030910e+01
1.365436342622821542e+01
6.904805310957598863e+00
-6.330447517576033079e+00
1.506816376877955292e+02
1.306770787422880176e+01
-1.369458210598518377e+01
7.616104138329049533e+00
-3.123341332893414801e+01
-1.084514512206195178e+02
4.991565769444816425e+01
2.317969959090110876e+01
-3.806406328356338520e+01
-1.742996892523432706e+01
-5.172367921548826075e+01
-2.520305833323524780e+01
1.119947502294610331e+01
5.628253236437160467e+00
-7.541431289904305402e+01
-3.577936286110656283e+01
7.181289429543882363e+01
-2.476540186271714106e+01
-7.530653582015929715e+00
4.853992464593542877e+01
4.672732961073897684e+00
-9.306952198371406837e+01
4.404484012673975712e+00
8.159989975078985935e+00
8.903388121512678310e+01
1.339051123158077132e+02
-3.091666588914171143e+01
-1.881695604430328217e+01
8.942194048973988174e+00
-7.652932623568091230e+01
-3.916898911264610206e-01
-3.638791960743871812e+01
-6.597204731845351944e+01
-4.886821184748825431e+00
8.312332701389092904e+01
2.275748053483194155e+01
-1.300404642995842863e+01
-1.128633867111476263e+01
-2.734736324083088022e+01
2.648896067867241300e-01
3.099134362492293349e+00
-1.488790945595662407e+01
1.226732238105222734e+02
4.503312499664383495e+01
3.390220344144035636e+01
-1.344898526615145684e+01
5.627943274684056973e+00
7.374760354118829753e+01
-1.198674319947751599e+01
8.424390836497806845e+00
-5.792027592806753233e+01
2.777096620281469086e+01
-7.380266034870683711e+01
6.104814954733722487e+01
-4.945930121159972259e+01
-2.554927292066145128e+01
4.538868437878589646e+01
1.960434901991225587e+01
4.808323651337572358e+01
6.778868197364423054e+01
3.449832226610860886e+01
-2.818858919129286278e+01
-3.197047060116433670e+01
3.968301832381118288e+01
-2.533276415939087656e+01
3.571817905674549820e+00
-2.486194468459927975e+01
3.063254283548180723e+01
3.051464602113412639e+00
1.269461206490700107e+02
1.747049931005885810e+02
-2.441789673250522696e+01
-3.429552319783515202e+01
-2.785831693670212417e+01
-6.447596170261121529e+00
-3.783545593506882199e+01
5.284638905085445515e+01
1.011620990872827264e+02
3.737490622389493211e+01
-1.719064749747730048e+00
-8.452560309964454177e-01
9.393125284446529122e+01
1.761004210960663841e+00
1.070885191394886249e+01
4.678901563832596366e+00
2.939502809002561889e+00
-1.957844750443413773e+01
2.302211671584660735e+01
-8.320851902641257425e+01
-2.821104107577231446e+01
-4.534553211348161028e+01
1.533777424629946893e+02
9.230187834815687609e+01
9.983040943226346542e+01
1.867017245068609554e-01
6.935083828747423240e+00
1.605528056134652815e+01
7.100797277892260695e+01
1.454998976210834769e+02
4.346120918030396751e+01
-3.155901257035000640e+01
6.063749705916275445e+01
8.488207487447127164e+00
1.093797290516500453e+01
1.445751663056553582e+02
-8.125987414729280545e+00
-5.342077555361514385e+01
-1.755786109925913507e+01
-7.774696135510176020e+00
1.822547864908667634e+02
-5.924045621611966084e+01
6.920904113772763822e+00
2.164282727038362708e+01
-7.444552729568665939e+01
2.613080917810123083e+00
4.671071943372950841e+00
-6.412666805421577010e+01
6.875253365053929144e+00
-6.497522234237442262e+01
5.904774980876457136e+01
2.756036169465022567e+01
2.017620838129293759e+01
-8.194436666638787869e+01
2.013909428208374663e+01
2.797050189043676482e+01
-2.460356303726607763e+01
-2.637065050434077307e+01
7.084422915128371301e+00
-2.838306152458856957e+01
-1.339343998745853526e+01
6.815833940118503165e+01
-4.513753075042686902e+01
2.070234818267864796e+01
1.453287674572975732e+02
-9.037434713812329790e+01
2.091460407574261637e+01
-2.776068933668712191e+01
-1.253595725541295280e+01
-5.299608757592837094e+01
1.133729471119332288e+01
8.304514415397044047e+00
1.108176349877824833e+02
5.137420771202869219e+00
1.604968341831813632e+02
5.003055679068744155e+01
-1.427929725059560440e+01
-4.120037660705188642e+01
1.173381809733798065e+01
-1.008434920142182278e+01
3.386454115304437096e+01
-2.629745833947730205e+01
-5.178261536268243503e+01
5.253705812065561531e+00
-2.123750585228633270e+01
7.640728755666717120e+01
6.723009089139537764e+00
3.808787360152589230e+01
7.390886755113967865e+00
-3.395957675446130963e+01
9.656971873652949512e+00
1.333561123299216433e+02
-8.080236552780311854e+01
-9.030434105720398463e+01
9.290584896795508030e+00
-7.991601801113247916e+01
-2.823743312907692626e+01
-2.123576311523291338e+01
-4.962018415305534802e+01
-6.946971817897048140e+01
4.297823369497456980e+01
-1.207749848693850225e+01
-4.582629417202196009e+01
1.265077035729802475e+02
5.471540540859641055e+01
2.622467886746824206e+01
8.912911698428200680e+01
-2.570016604307593155e+01
-1.109589082645507574e+01
-4.863287078094403171e+01
2.126229574988344950e+01
7.005612919594383925e+01
9.367224594150074779e+01
-4.733215560620977413e+01
7.896753894986578359e+01
-1.162667659367481576e+01
-3.960733227825670610e+00
6.444134473952465214e+01
8.318348280164553898e+01
8.237329218582374324e+00
1.652804384497444801e+01
-2.382950191391702788e+01
8.009365282957730869e+00
-7.366603993955102681e+00
-4.103915112132796139e+00
-2.854125987684268750e+01
-1.024248543391357771e+02
-7.848886332420036638e+00
-4.049053862656785441e+01
5.439640621879448901e+01
8.788679290578514269e+00
-2.086035577918418227e+01
-2.540132893880745968e+01
7.764584689481978330e+00
-1.710224584988108631e+01
6.750904205539666236e+01
2.530197206602449711e+01
-8.607593727418486651e+01
9.009147596716786666e+00
6.967759745250552328e+01
-1.899953112247608544e+01
-3.711387210896126021e+01
5.961941895356716259e+00
-6.315933773641958737e+00
9.734261860391399068e+00
1.699744879486123494e+01
3.848599586949125495e+01
5.041415691670485444e+01
-8.050242863823447692e+01
1.142803045859866842e+02
-1.024813988472455293e+02
-9.065467070112887882e+00
-2.733428198724729441e+01
3.353199124830662470e+01
-4.431051457191645682e+01
8.647063947795530225e+00
6.718670605932088336e+01
1.359451682830804486e+01
-1.594874786000156064e+01
-4.164632197652463930e+01
-3.483704533445992269e+01
4.555381824889615672e+01
7.675234821567332233e+01
1.443973824115539628e+01
8.160274167414165447e+00
7.097792273543255703e+01
6.235175768685756736e+01
5.940363774935626395e-01
7.484953825538079286e+01
1.015830598425392566e+02
1.844719363360101170e+02
7.041398431342940967e+00
1.890577969582853513e+01
1.044486009253458292e+01
-2.998171175522931264e+01
8.974122355474378310e+00
-3.493516847686430538e+01
4.963567340967169628e+01
-1.578978463920233821e+01
-3.154615426122647648e+01
1.959372110423011293e+01
5.145579747814115734e+01
9.589364675142905980e+01
4.240708609456476097e+00
-6.481776678759860033e+01
-9.423804911608730350e+00
-1.917843763332601270e+01
1.437056817530682906e+01
3.277598929696793562e+00
4.062140102647298079e+01
1.810516863960447154e+01
-2.584693840174615076e+01
7.117598369176870676e+01
-1.919929763753792429e+01
6.679587035511637794e+00
