4.555667887577975961e+01
6.113749401427696029e+01
4.490936154654365708e+01
4.970089304224085680e+01
5.191937139400317136e+01
6.263271442461802252e+01
8.173249768920788938e+01
1.389071520565095170e+02
4.778048380826941610e+01
5.326186191087901278e+01
7.656502411072790437e+01
4.528772310389933153e+01
5.292796911485594791e+01
5.455167293215082935e+01
5.610353811237938970e+01
5.779120363698086038e+01
5.189411260213193344e+01
5.098908873963693367e+01
5.496448416553459282e+01
5.149440319436063618e+01
1.113519015103621541e+02
5.262849860605376051e+01
9.084338035329267314e+01
1.148381099648387362e+02
7.201859502936633817e+01
9.750446248523724080e+01
4.614261882238417201e+01
5.822535598129353929e+01
5.342642711893960694e+01
5.568645456465230126e+01
4.762191300773803704e+01
1.036412848890569194e+02
5.179607969948039425e+01
5.420025564634772053e+01
6.153688717023680255e+01
5.175820731874511438e+01
5.378087142761898320e+01
1.188421002912683662e+02
5.681388248721952294e+01
4.583392940652731085e+01
5.448983568365030550e+01
4.774084113082346192e+01
5.080131296879800828e+01
4.868951213463434868e+01
6.808842292857582379e+01
4.404099416154814861e+01
4.566508376182820683e+01
5.974451878102183144e+01
6.219945206347539823e+01
5.012430505443546025e+01
9.723443439437062352e+01
5.174972914629608312e+01
4.566912422020970297e+01
6.234594689054130612e+01
5.205274373985695746e+01
4.778497132336917019e+01
4.511414569815416797e+01
4.636954630493448093e+01
6.592884478692133143e+01
5.355135666762100044e+01
4.616256358143538563e+01
5.071424036274139979e+01
6.402132749821169000e+01
4.603260931151191215e+01
4.625504970060239174e+01
5.034392702354227112e+01
4.364685669062156848e+01
5.094742209983007086e+01
4.679513771776975517e+01
6.923565723257627269e+01
4.618665003402849578e+01
4.616296428980160016e+01
5.299538080115518568e+01
7.442972047139221559e+01
4.995861143901776558e+01
1.065546167270578053e+02
4.854546261870120105e+01
5.018446009273531416e+01
7.538577889686268918e+01
5.416502767727899226e+01
4.388996844758286642e+01
5.384796705873406353e+01
4.986660160087478033e+01
5.666757720542147325e+01
5.185783949678181415e+01
5.186284706419166213e+01
5.387043793198164821e+01
4.945132053787266813e+01
7.307237090566479765e+01
6.100611543461774744e+01
6.970333399419280340e+01
4.644841045188797324e+01
7.926919031303725660e+01
7.492643280674121797e+01
4.672252454071450956e+01
7.632237459914097144e+01
4.670898778163529386e+01
5.707838093168094673e+01
9.170507549023307092e+01
5.624825377976332419e+01
6.847706072121138732e+01
4.638923847111902177e+01
8.900243938511550823e+01
7.435730195410280885e+01
5.210075263521240885e+01
6.028962639317898464e+01
5.711879713631707745e+01
5.406220801517803665e+01
5.612870053950711480e+01
6.868615021879224969e+01
5.654592497386430949e+01
1.070425002724251726e+02
6.994318556272185106e+01
5.985231807794399828e+01
5.220573614322994871e+01
4.919727628960128385e+01
4.497413196736771823e+01
5.140731535616679793e+01
7.289401381199706975e+01
4.346656936708051688e+01
1.140146199385591217e+02
8.116021830606143794e+01
4.530337080124547100e+01
4.581009098213973374e+01
5.559507430941368256e+01
4.394186158785407059e+01
5.072607786701802723e+01
4.741792070915391122e+01
6.406886200096334960e+01
4.470992484057671135e+01
5.490470025050228031e+01
4.723946543316116475e+01
5.580736530345449609e+01
4.992957739802579198e+01
5.084363415899962746e+01
5.531360209275873530e+01
4.352084971726900875e+01
4.693539347963371000e+01
7.008220134723080719e+01
6.800342319127332757e+01
4.578621582765946840e+01
1.068401193306373216e+02
4.398916465576359514e+01
4.986064785707923619e+01
5.328604998687944061e+01
5.308840353850165883e+01
5.143522803961888457e+01
4.964448699208616489e+01
4.323119413744381490e+01
4.999403929471838381e+01
5.443266409906311054e+01
5.759553571331081656e+01
4.666409220518209366e+01
5.294490089444399672e+01
7.799454013240313088e+01
5.825024231564849941e+01
4.785485011484990281e+01
2.225936786972916934e+02
5.504786478663947236e+01
5.321587070711131418e+01
4.643698008408784261e+01
4.989718108004409913e+01
5.998897198022961419e+01
5.623772297904462647e+01
4.982440505829355715e+01
5.360631798814312532e+01
4.714226972671450966e+01
4.695221662406867580e+01
5.128577382013383357e+01
5.881066583277890203e+01
6.735095772367560585e+01
5.340694562225063891e+01
9.147836085547453422e+01
4.701817027744538535e+01
5.378935377150730091e+01
5.039624605188975437e+01
5.237123186969176203e+01
6.632944703755049431e+01
4.581936249461170263e+01
9.940062541892541503e+01
4.489778946065518284e+01
4.842348082803720644e+01
1.490757311312546562e+02
5.921094862156962080e+01
4.607214875075543858e+01
5.329418936250396399e+01
6.621230227244916478e+01
5.096638164196075849e+01
4.404831390824903536e+01
5.874894950071495003e+01
5.080105901864691731e+01
5.277975818117840134e+01
5.168850134341948177e+01
4.661656031585800264e+01
7.875770734568607168e+01
5.475016541458455066e+01
5.393814099579969223e+01
4.916724325331698964e+01
4.969190910581811949e+01
7.500898912745935831e+01
4.853686564784140245e+01
7.139709338441491582e+01
9.579012381986751734e+01
1.015782304862742649e+02
5.537130028602324927e+01
9.768852313476702420e+01
5.106570754395681178e+01
5.703677326594253572e+01
8.796933944255499682e+01
6.560806583483929444e+01
7.527484518239828049e+01
5.004477859559221287e+01
4.824785926338255848e+01
4.802718894466953969e+01
5.555468751018008078e+01
6.861708118917078991e+01
4.860692094139368891e+01
5.768372594175809098e+01
5.100907796415332740e+01
4.817793290318433463e+01
4.868843585055139300e+01
7.154674632996386663e+01
5.687224326466741076e+01
4.722139299147158198e+01
5.404922386744976137e+01
4.558600026359192015e+01
4.599336916085768934e+01
5.000685920649004146e+01
8.552202758808664385e+01
1.297045234932439826e+02
7.060385388226961823e+01
5.355487526434182399e+01
4.815476677883372503e+01
4.604573799628371233e+01
5.271019923127197870e+01
4.686693932469562895e+01
4.657582046309027390e+01
4.699937831137241773e+01
4.861447111702647561e+01
5.351024174376572518e+01
4.661987757813687239e+01
9.789808967543569906e+01
5.085389278364083765e+01
4.683564745251452877e+01
4.742599899097796623e+01
4.775337245408001507e+01
7.917135070393408114e+01
5.004534105373669917e+01
5.012743109486938664e+01
4.710844348288548389e+01
6.407819658648907080e+01
5.155519080528494413e+01
6.388732242455545673e+01
5.641729234571459273e+01
4.400422768756026670e+01
4.638467009131920094e+01
4.868736273466776510e+01
4.513921882268834196e+01
4.996261728454839357e+01
5.508848099161797762e+01
5.648258366950641829e+01
7.100112812175132149e+01
9.381597645600334090e+01
6.503094538840116456e+01
5.201581888684005861e+01
1.324208841525879734e+02
4.795724743126185530e+01
4.608177343658382341e+01
8.067931328574297822e+01
5.012684183412158490e+01
8.433763475623084105e+01
6.093331034670256230e+01
5.119141470642818348e+01
4.577229600300881174e+01
6.030537961158835714e+01
4.766847826990407810e+01
4.379816108435181121e+01
4.775248719955117593e+01
5.273988261193073157e+01
5.646517371985930112e+01
4.777373538212406601e+01
8.446524560758473399e+01
4.732626900761089672e+01
6.366944964168862242e+01
6.422912647259647656e+01
4.815986419955981290e+01
4.543977402244592412e+01
4.747182040610561415e+01
7.023991187360945787e+01
5.033594327540514968e+01
6.556178570737677092e+01
4.660586020242146077e+01
7.611344928452228942e+01
4.795948651239006466e+01
4.673932667627479276e+01
5.446929981100503682e+01
4.710315473755428428e+01
4.633432011049728061e+01
6.089683784891632712e+01
5.096001950999663421e+01
4.632372041031441512e+01
2.005519935674284397e+02
5.657514048994118383e+01
4.834229548255563458e+01
7.170564311230839394e+01
5.851153712961160380e+01
7.131626270046137961e+01
5.294751906983503176e+01
4.954639594988940843e+01
4.585306179735299992e+01
4.680569231888795656e+01
4.847113527797693422e+01
6.064061563212009531e+01
4.535659385629434581e+01
4.692029305473544554e+01
5.266594656869266800e+01
4.894936094279648131e+01
7.563084361682115286e+01
5.011030788613890508e+01
7.804297146363308002e+01
4.551542219818940538e+01
1.348960928591524180e+02
4.735288308251903544e+01
4.871087702138822095e+01
5.387038720132760972e+01
4.688684515467786440e+01
5.255724702666258707e+01
8.309578370496922162e+01
7.353166847807653994e+01
6.492027155666357885e+01
5.663311562902992335e+01
5.284807638480116765e+01
7.491772077575035382e+01
1.202772099977020162e+02
7.495964246766118322e+01
5.004279257564405015e+01
8.594638949174179743e+01
5.384356244655747759e+01
4.779779315573897946e+01
5.135907731415601774e+01
6.821440575937151607e+01
6.249119625348713924e+01
5.296237537588887534e+01
4.667012347785850324e+01
4.876901303551232303e+01
1.493524208744503312e+02
4.557476205437261996e+01
4.882703568447606557e+01
4.732078290515084262e+01
5.260003304788835266e+01
4.387354320249971096e+01
7.071447253491453466e+01
4.784104160445814813e+01
5.114472950506489468e+01
5.167652431490670750e+01
5.154530587479631976e+01
6.516324611006632495e+01
5.198828102425351716e+01
4.938505823030674691e+01
7.010406064016490291e+01
5.034444757962148032e+01
5.597873123743840296e+01
6.312764929901015165e+01
5.323243909350014036e+01
5.290185993113583862e+01
4.711996824577465048e+01
1.921576558202533533e+02
5.685857929627592711e+01
7.423829542737541942e+01
6.520619343320061034e+01
5.302009260142687452e+01
5.285167431364526891e+01
5.937389786192681385e+01
6.237351469264751103e+01
6.328346188470379019e+01
4.781251830039501982e+01
5.206479545189642266e+01
5.561000642344617262e+01
1.610009458904452231e+02
5.056288699128264597e+01
6.006996135586370400e+01
4.543125899398284417e+01
5.573074314400502516e+01
4.730158580474482477e+01
4.986275122166363616e+01
4.967211087859788421e+01
4.485421957251957537e+01
5.392355615010375658e+01
6.377335152614352154e+01
4.672414157855666161e+01
4.650143327469151444e+01
6.778982279962940538e+01
4.959155780497086852e+01
4.960110468406048057e+01
4.876904952332653664e+01
7.966021228878446436e+01
1.384958240432634966e+02
5.065629830320096261e+01
6.295403144881412771e+01
4.607722388116882684e+01
6.667285536545853120e+01
7.501697623497523182e+01
4.523061560787675006e+01
4.495403400698079821e+01
4.898116108593523421e+01
5.732520928316727549e+01
4.951008924285189750e+01
4.794525520890521619e+01
4.838280412203413761e+01
4.592575610864616209e+01
4.797352675955436752e+01
7.109092841786980443e+01
7.360456462370086683e+01
5.289535307030302391e+01
7.599381810792249325e+01
5.469739036008569855e+01
4.526529345740629395e+01
4.643854517187275377e+01
6.509047319512239937e+01
4.641577638561204111e+01
4.609795480028071069e+01
7.598897118088927982e+01
6.891632733658400412e+01
5.173823471095521853e+01
7.282872423858236743e+01
5.160744569941299886e+01
6.930541168657794060e+01
4.666444102269735339e+01
4.805642010780422169e+01
4.997611024155514059e+01
5.834137512598237407e+01
5.092462584268388781e+01
4.870822168175538280e+01
4.660610029885457806e+01
7.268102257721977821e+01
5.370437485843023495e+01
4.335954961170602218e+01
5.191369081254480733e+01
4.607930599078019185e+01
4.477647646598881437e+01
1.670382386836000705e+02
6.995965825702216989e+01
6.582297850056522748e+01
4.801358913981231780e+01
4.593287153462835448e+01
5.614569433932694409e+01
4.782951037768463465e+01
5.280741769982079603e+01
5.343745884961128212e+01
4.726335305029635236e+01
5.282906232526431012e+01
7.874706586290551513e+01
7.660369814622674767e+01
5.474537074225838040e+01
4.905096655979570386e+01
5.424617056654380320e+01
5.745649320772565005e+01
5.364892503575821792e+01
6.855213123720852764e+01
6.741277185680439743e+01
4.862240696704531473e+01
7.321328507805731078e+01
7.906135007957448124e+01
6.664934765307873477e+01
4.864122313604377013e+01
5.457690608777112828e+01
1.090923312407986714e+02
4.372300561942312669e+01
4.928612648573936639e+01
7.096012681966305990e+01
5.445535724999637495e+01
5.500827108254554076e+01
5.294376796923381079e+01
1.051562043926561500e+02
4.945346927174534102e+01
4.475470569064520276e+01
5.050868094093595317e+01
4.812934646358836943e+01
5.053169131483183918e+01
5.944734522089230921e+01
9.768530005399509264e+01
4.585764224962905899e+01
4.663853406484042097e+01
7.742728837794049923e+01
4.682485884397748777e+01
4.925093767522331945e+01
7.400511349983491982e+01
1.087304609015583310e+02
4.854592796677854238e+01
5.284672675145440479e+01
4.875414197709971376e+01
4.780212279882027104e+01
4.662767120043201174e+01
4.515167989020766726e+01
4.811408176844553708e+01
4.362140466618722456e+01
5.334275077161793632e+01
5.124629362777260866e+01
5.458625708578903613e+01
6.443477022443687474e+01
6.579845464265338251e+01
5.430575375368709246e+01
6.295015842632448511e+01
7.496662723278416252e+01
4.500082957103688130e+01
4.333946135199504823e+01
5.236896544105467655e+01
6.725842673502586422e+01
6.057318298145684565e+01
4.665487763614975592e+01
4.558844493719981728e+01
5.784845078006684815e+01
5.630561730449618807e+01
5.784168533470539586e+01
6.868490289187786857e+01
6.341459772226618696e+01
4.908163346238972480e+01
5.996635289056131768e+01
4.507322854212645069e+01
4.696072595825818752e+01
4.701345856896943332e+01
5.036874893313062529e+01
5.364684988349392114e+01
8.108776943916120672e+01
4.906616270438200189e+01
4.882022341813091515e+01
4.702666316652823042e+01
5.232644153409193422e+01
4.714399727618467040e+01
5.485534899325568148e+01
4.804548340545363061e+01
5.029151499338069442e+01
4.603859794029732910e+01
5.882574066362860066e+01
4.528432233607338020e+01
5.281795463705486071e+01
4.589191965911515325e+01
7.918233639151651460e+01
5.119548235030298855e+01
4.951307836633088044e+01
5.018469073889638565e+01
4.863268067514319881e+01
1.600039480198748834e+02
4.693123768227189174e+01
5.568195226564522926e+01
5.026204277795942943e+01
6.076112619326442399e+01
7.435540771414446226e+01
6.113373280993902625e+01
5.778283664687034360e+01
4.594062887623578462e+01
4.758328903323955927e+01
7.347284982026860689e+01
4.857440314957886329e+01
5.702028933627945406e+01
4.669786897296682326e+01
1.075479438384364812e+02
8.748971712040031434e+01
6.995064749124423997e+01
5.026964665278239153e+01
4.797684245924494206e+01
8.991179064815798938e+01
5.127288152658831422e+01
5.228716134698981222e+01
5.883666793331496336e+01
8.078647918553099316e+01
5.015107192476272502e+01
5.215918794907076261e+01
4.588709748938446609e+01
1.040322955768052680e+02
5.086225242366810306e+01
5.358926762571092439e+01
7.091282901084662171e+01
4.869910527815329004e+01
4.768531848661870498e+01
5.923289168071561761e+01
4.688214368018736167e+01
4.626726774238624529e+01
5.155244705550932593e+01
4.609609374759667588e+01
4.598329668103644252e+01
4.769519504789524689e+01
4.687263881637147023e+01
8.658386666101716855e+01
5.058817636958985275e+01
7.409973104566154234e+01
6.552668108615318943e+01
5.747010619313470414e+01
4.968828943469008408e+01
6.728481024182758574e+01
4.537736843307822454e+01
7.297143498477373669e+01
7.840426576089078026e+01
5.246742326305604109e+01
4.843618968982911355e+01
4.470747854117063724e+01
9.594291312934285543e+01
4.727656483542079258e+01
9.866075576962350624e+01
5.744729104295503674e+01
6.591117828356902919e+01
4.410691847839472501e+01
6.052996099779840478e+01
5.809528144311217801e+01
6.661068600281862473e+01
4.881722327427370800e+01
5.048029792915360048e+01
5.285078707947570109e+01
5.056829625432612119e+01
5.085926096143440844e+01
6.131062196913546103e+01
5.183951673787952785e+01
6.197018001496063988e+01
4.805392641365971684e+01
5.146332797978276830e+01
5.079227663051380404e+01
4.685916271142843215e+01
4.385764446682434681e+01
4.783155404291857593e+01
5.316442688154631213e+01
7.603359357712827205e+01
5.384887825900397473e+01
5.777663335211865814e+01
4.936048065871647594e+01
4.867879816147353012e+01
7.453090166742288147e+01
5.053351628944721341e+01
5.975999526456609345e+01
4.593523612195996719e+01
5.271605089715296089e+01
4.570091138117924601e+01
4.475905052328482014e+01
7.779102564239576623e+01
4.740748301509403717e+01
6.252021651194910845e+01
1.219952282825007615e+02
4.611855068838405458e+01
9.912607563855192438e+01
1.356643948589018009e+02
5.949079871659443342e+01
5.250184129564797075e+01
4.997070515818733583e+01
4.584794105661341490e+01
5.419787750320676167e+01
5.048551313075505931e+01
1.022836095849262392e+02
5.107933528852583294e+01
4.741860167358674261e+01
5.172110892737429566e+01
5.602077283072059544e+01
5.547865426384952769e+01
9.330547497462714546e+01
5.037335154379899649e+01
4.742711628702374327e+01
8.261690705957619230e+01
7.075510036428670446e+01
5.095031303526513256e+01
1.270959687156256450e+02
5.725161154000226560e+01
5.852929079237139121e+01
5.002949594881567208e+01
7.726299407274302666e+01
4.830486292231864098e+01
4.635123201676935167e+01
1.038125867991085443e+02
4.656681895218854805e+01
4.773088894822387118e+01
5.174356218019340048e+01
4.851672226699258061e+01
5.683749312034080248e+01
5.169017552537581395e+01
5.852122517299277860e+01
7.542966204378092243e+01
5.644014605635231163e+01
4.589465983182628150e+01
5.206354596570155735e+01
5.212146597281309113e+01
4.986180950507070264e+01
4.641277688078763930e+01
4.811973078714355978e+01
4.499989606725386437e+01
1.402979034092051052e+02
6.550899295289411839e+01
1.651199715200046967e+02
4.332857862040429353e+01
6.609557128924927838e+01
4.977354784440205293e+01
4.591594310088213859e+01
5.144937639867122670e+01
7.465861446755945963e+01
8.834442752524876141e+01
5.241703921625877882e+01
4.472840925813499524e+01
5.150974846474047553e+01
6.918908092736558046e+01
4.708110596643302159e+01
5.672292768822364195e+01
1.463751571380063297e+02
4.573184865838731383e+01
5.868360806276279362e+01
4.765908849627805211e+01
7.310805997863383254e+01
4.763379157340488490e+01
4.601252562799810875e+01
1.689928908034900132e+02
6.439711595754408791e+01
1.384400329418959927e+02
5.223660311447667226e+01
4.549131191078333103e+01
8.533037769744362322e+01
5.503717769094793510e+01
6.423604178300877265e+01
5.189298848816098797e+01
8.214853246923587449e+01
5.292119948469655100e+01
4.417440071680095315e+01
8.124524072962151422e+01
6.480505429584911781e+01
4.444013649679902045e+01
4.584007828369896487e+01
4.568924961717231525e+01
4.648277832806262921e+01
5.328342736600017560e+01
5.230062044105863350e+01
4.598646054136326455e+01
5.392599703589177551e+01
6.740762690531767021e+01
4.510924072078261560e+01
5.694725210184071074e+01
6.341974115575896320e+01
4.799148125541716325e+01
9.536815371088334814e+01
4.654159413585613692e+01
4.979422320455807238e+01
7.073665632176846430e+01
4.361288999240525044e+01
6.706075402096496418e+01
4.679050037643639115e+01
4.447504255487285008e+01
6.978613063829027396e+01
4.673861422386936937e+01
8.639695075981319405e+01
8.110798291125968262e+01
5.554187691888102307e+01
5.361561668214118725e+01
5.269238198898994341e+01
4.954101648197785579e+01
5.154865975700624148e+01
4.801797539357641398e+01
5.014263386974482017e+01
5.045062861592224834e+01
5.697838841346412408e+01
6.581031870443541720e+01
5.193936806255180016e+01
6.997576221228075610e+01
5.761664470469906263e+01
5.083841618081998348e+01
5.467235465864279575e+01
1.000629299529292666e+02
7.993445213610459632e+01
4.898860923675521661e+01
5.228883809643149760e+01
4.595359575321446499e+01
4.852464912046081480e+01
4.858589545399728848e+01
7.322812765257651790e+01
4.362908368745330989e+01
5.349617395828783373e+01
5.273321357111955621e+01
4.731949873046789179e+01
6.655956035224801326e+01
4.548857879759190581e+01
4.677550392126897094e+01
5.089560616885238886e+01
4.755138841542895278e+01
4.562822030245580862e+01
4.388327521023085609e+01
5.219883948535709095e+01
5.678257270657297084e+01
4.799365565661275213e+01
6.730737080793835503e+01
4.686118055184771691e+01
5.547589382263969782e+01
7.437606492240513489e+01
4.458266838946575916e+01
4.846986194560587791e+01
4.625610346793393290e+01
5.011495582339659194e+01
4.844977073487927299e+01
6.644343280027089804e+01
5.450027876292653417e+01
5.059754033174350951e+01
6.409032083848353523e+01
4.476811889175325376e+01
5.319517059649944457e+01
1.974876968973522935e+02
5.500391823315577966e+01
4.900441367718769214e+01
5.421109705734772177e+01
4.708060544261672220e+01
5.375123377939882374e+01
1.195918197584970812e+02
4.655417295618382667e+01
5.711320154621454748e+01
1.385394408317798707e+02
4.987695708880993806e+01
7.685465396801839688e+01
5.181780474956678262e+01
4.638009059143507073e+01
4.844646245491559711e+01
4.437262730851136183e+01
5.316828658932819707e+01
8.750636016776763881e+01
8.824821012167114986e+01
5.280344501649698685e+01
5.110496490271463443e+01
4.341669997898599576e+01
5.709406261611649569e+01
4.741320863402426511e+01
5.098780961088515795e+01
9.457483650718052104e+01
1.194957122867573389e+02
4.460797311056114012e+01
5.484881094786498323e+01
5.169858434750414489e+01
4.995952693317769189e+01
5.296057393303919270e+01
6.136866952749834780e+01
7.130225340102981590e+01
6.710867729567610240e+01
4.737201740244665160e+01
4.737574224182673532e+01
4.827157540304062167e+01
4.835796384976958251e+01
6.645560008609311353e+01
6.165454878313641274e+01
5.213438129465713899e+01
1.107225572871767554e+02
5.677772457043749199e+01
5.078893651852478541e+01
7.250616150040070806e+01
4.426434851769328560e+01
5.662200177266924328e+01
5.073973850479989522e+01
4.662681045807868685e+01
7.166870996140562511e+01
4.642384723257520562e+01
7.995177306627113012e+01
4.597245482807476691e+01
6.491037501533094201e+01
4.617596478674305871e+01
4.535571302395430138e+01
5.401006247277756955e+01
4.656510600719877147e+01
5.465262059276675899e+01
9.305643462681757683e+01
5.622672194257494738e+01
4.562139695015240903e+01
5.601287930486352451e+01
4.476787224950304989e+01
5.031091548268988589e+01
4.569886431191400078e+01
5.044717454310295324e+01
4.734859353731837217e+01
4.967894249029006204e+01
4.705232126695329242e+01
4.834744072402201454e+01
4.639722901516062592e+01
4.575946562423552422e+01
6.186307307485287055e+01
6.042329746624374565e+01
5.136152279390727671e+01
4.965479523371424619e+01
5.060264505786209810e+01
4.615012481716905057e+01
5.235496845905901608e+01
7.535837911973897008e+01
7.087986091021696211e+01
4.465365056555958034e+01
7.547093721731573623e+01
5.459214752368563239e+01
4.891636259578364587e+01
5.156575020361298556e+01
5.078395373361774290e+01
5.138690936169142987e+01
5.260564789122974361e+01
4.876699304331042839e+01
5.705229348974636849e+01
5.700277210306659725e+01
4.685243461976744328e+01
6.721712309129463847e+01
4.678928646385713108e+01
5.318234293929628365e+01
4.991352649434258382e+01
5.092268203798732173e+01
5.151719871225861169e+01
6.911151443554001617e+01
5.219616479145872034e+01
5.537720077497316851e+01
5.176215917125693267e+01
5.064842721654269297e+01
4.927776611884393532e+01
4.597259718869747047e+01
4.732000173097832629e+01
4.738676149114063918e+01
7.266377488138562057e+01
4.762804381352645322e+01
5.371957399637096131e+01
5.258574088805027458e+01
1.027368300293356924e+02
4.766822662029618840e+01
4.992881961424347281e+01
4.596861692508274899e+01
4.537694552025197225e+01
5.401028994691579754e+01
5.987198919080866943e+01
6.448865309623499797e+01
9.873018614628301748e+01
4.551980213285707322e+01
5.201578674229414645e+01
4.369422644920006604e+01
4.662645742603773868e+01
4.590565074575817306e+01
7.827756665060508112e+01
4.917181535298106354e+01
4.530055517630272988e+01
5.227310474451143563e+01
1.104020392787598439e+02
4.328428841035485419e+01
5.897607202727260045e+01
5.064429146097528900e+01
6.869386328305984080e+01
4.404007091954655806e+01
5.143360764100645355e+01
5.304923072888879432e+01
4.889474644071662368e+01
4.689154315480583790e+01
4.639456930794687395e+01
6.731509371767162975e+01
5.190180184395205032e+01
6.456992436685970915e+01
4.754132935021436168e+01
5.693797074958558113e+01
5.359109326381177851e+01
1.884035127185917418e+02
1.210671180350028635e+02
5.217584998169615318e+01
1.342569527932311075e+02
5.093043160230001121e+01
4.688106249605800002e+01
5.901309501997194928e+01
5.243023792879022693e+01
6.109000545244554559e+01
7.047336986913353485e+01
7.133600004691754748e+01
7.337179695003499091e+01
4.399761819391743956e+01
4.966730709791510634e+01
5.299818319218240248e+01
4.611900382613850269e+01
4.858463916590618936e+01
4.977895258226191544e+01
4.971134433895451110e+01
6.660528906771571656e+01
5.286798911461402639e+01
4.698240113224084524e+01
5.987143008603299421e+01
5.389335116648646107e+01
5.255491256386005006e+01
9.697430870734490327e+01
5.959602278406156728e+01
5.840911997323848226e+01
4.710229116935544624e+01
7.189634753459097283e+01
5.349544031104152708e+01
7.254662925608056412e+01
4.674419453432084737e+01
4.662790672474977072e+01
4.903325799312289490e+01
5.431279208031548222e+01
5.934530736917724170e+01
5.341366192060115026e+01
8.097055572822421254e+01
5.230229528929987026e+01
5.241110918660444185e+01
5.790544888061696582e+01
4.925382737552455836e+01
7.279541804465327459e+01
4.395446155754608952e+01
4.680786138177892752e+01
4.664135325270319044e+01
4.824681940307265648e+01
4.577768717701211898e+01
4.814284595913988340e+01
8.626560594900468004e+01
4.519793757679064328e+01
4.857279726252010477e+01
6.499246070902984229e+01
4.476808021298813145e+01
5.037322825007969840e+01
