-6.112647214984940547e+01
2.177630048891148817e+01
2.191178507454719693e+01
8.982740776124956028e+00
-3.851140765752779771e+01
5.462448144081531609e+01
-8.195084867700870745e+01
4.307018142064453059e+01
-2.788851804355681452e+01
2.243526611331230924e+01
3.652600746722555414e+01
1.815322302025560930e+01
-2.548476014636912623e+01
-2.646243709159216451e+01
4.500924738467938369e+01
3.047408532165013639e+01
-3.799135743399347120e+01
-2.779535587267628216e+01
7.308867128939505164e+01
-3.756081732553320762e+01
3.126144890585010216e+01
-6.387895153744477739e+01
1.328975829974910994e+01
-2.237237273446021391e+01
1.413310135750244854e+02
2.208891416282723412e+02
2.239517461851687585e+01
3.701730387631141639e+01
-2.500699932910833923e+01
3.189416736196130842e+01
-2.344035695407956155e+01
6.030127290522273142e+00
-4.402357672606092365e+01
3.035162020662323812e+01
3.898163412084807078e+01
1.529556949752634409e+01
3.865660968248107565e+01
4.401260676651372705e+01
2.497456656085068971e+01
1.436997931455334765e+01
-4.292975743340434747e+01
-7.663200066493459417e+00
3.899685338611448060e+01
1.256003713432196491e+02
1.077333783363629891e+02
3.033056635439379534e+00
1.537473959295925852e+01
1.111672618607133245e+02
1.065699073628869655e+02
-1.259761981986525825e+01
1.375029785448543862e+01
1.272413304011366790e+02
-3.982125737499700335e+01
5.727487857517371594e+01
1.672316015420346957e+01
1.567537151061731038e+01
1.031030629348379080e+01
9.983910971257625988e+01
-4.899098808046028353e+01
-6.169036322389104043e+01
1.893326035699874410e+01
-6.194593115362067692e+00
-8.310608407744052784e+01
7.028150323674935862e+00
2.774293886775240026e+00
-1.058032898991689308e+01
-1.129151420244056681e+01
1.389700265956957992e+01
2.578869656758001838e+00
1.388742595621990858e+02
2.551516787162768196e+01
1.488841394327823764e+01
5.009046361773471290e+00
-8.531537032367486972e+01
-1.945530341333824254e+01
4.186373624832049245e+01
1.051827959300771909e+01
9.308785813809981846e+01
2.073511263273755958e+02
2.524519423647666372e+01
2.554087717781158062e+00
-4.637944179618875751e+01
2.778322457977515114e+01
1.491381294370611386e+02
6.384121150179066717e+01
2.726010444418739098e+01
3.213615191933297410e+01
-3.060299401980068978e+01
7.647800418215501850e+01
3.857645554660348353e+01
4.348067764675261060e+01
1.888787783041766488e+01
1.525248428665247502e+01
1.161072519163597008e+02
4.991316751279782693e+00
1.686976456691343742e+02
4.052334600033645984e+00
-8.061653559925957779e+01
1.041604025864376126e+01
9.644224211685028081e+00
1.133003575923453354e+02
-6.456136475563198474e+00
-3.473353059631494943e+01
-8.525897333497164254e+01
-4.588755700832371076e+01
-1.873108867141513656e+01
6.577044175667185755e+01
-3.136474388387136969e+01
2.661107705949791580e+01
1.407038909938139568e+02
2.480529978699269122e+01
4.119416819114212558e+01
1.041620472711642833e+02
2.884084290076452817e+01
-5.832603409613557233e+01
-1.439123439947570660e+01
9.897183631265306758e+00
1.817856558298490199e+01
1.980838947789828808e+02
-5.302179455427449284e-01
3.767040901434029365e+00
-8.979523976179802958e+01
-9.336756361408333760e-01
1.998665001755034609e+01
1.691892687572999421e+01
-1.385853448126454168e+00
8.965541445822509559e+00
-1.490236139532021298e+01
1.540201924757079723e+02
-5.017609213503430965e+01
-7.863887736982212573e+01
1.264785358959261430e+01
1.533432295195939332e+01
2.010281073626174475e-02
-1.896027175879862625e+01
1.593616194752826232e+00
-1.211461076831437822e+01
-4.826962460506854313e+01
1.060087406372134637e+02
7.905911620195229261e+01
-3.110072478296615373e+00
-9.180210683271047856e+01
-1.115917596218469043e+01
3.582716015728760794e+01
-5.382405156935146806e+01
-9.627976182577413056e+00
-2.614868279311849619e+00
-3.020024037177711307e+01
-6.949363271737553305e+00
-7.264150540118225763e+01
8.604403803476316170e+00
-6.362186335137096194e+01
-4.182323445910242299e+00
-2.841958079537903359e+01
2.055167122162436044e+02
-8.000724171750505320e+01
6.954795785092983351e+00
4.120882773601340432e+01
6.834504935801533065e+00
1.220025798785306961e+02
-3.351756811456516516e+01
2.700028677017871814e+01
-8.190477592942966112e+01
-5.502068385143024898e+01
-2.625338384252052037e+01
-6.569953759857958175e+01
-1.741860981366198757e+01
-6.341061223839278682e+01
9.257919655818341198e+00
2.474892238935694877e+01
8.663475652271699801e+00
-5.427973882054971000e+01
3.397403056532039045e+01
5.087545193670848676e+00
-5.409524414047757546e+01
-3.134855815938817614e+01
-7.342423861229553950e+01
-6.325600631514873839e+01
2.462152177169309653e+01
-8.906702351172339149e+01
7.846129866994942859e+00
1.048930186196866998e+01
3.369663232115294704e+01
2.478377590929676444e+01
-2.480239802805044746e+01
-5.437977891023581378e+01
5.273280909287348095e+01
-4.463428425915981279e+01
-1.454206172331532798e+01
5.102987628897335526e+01
1.740331410249905275e+01
2.087264317435051453e+01
2.679737575436320185e+01
-5.711807477559250401e+01
6.834109654197754935e+01
3.875835082174944546e+00
2.639517536588937219e+01
9.253747545742044167e+00
9.262170246730690337e+00
-8.588989024701754715e+01
8.352628862925712383e+00
1.668569826538623602e+01
-7.819263357571833239e+01
4.085748605212211260e+01
3.888962220829307626e+01
9.466569151935050286e+01
-7.995613513194939515e+00
3.641473600650169828e+01
5.653154904583402640e+00
6.467921856627208399e+01
-8.638492659170140087e+01
-2.048170274501671884e+00
-6.141177667581416699e+01
-3.415405502592261655e+01
-2.075663967009222688e+01
5.933905164366944973e+01
-1.312048711811257817e+01
-1.420743566285636916e+00
-1.779356153393109707e+00
1.415819018275260532e+01
6.273890989531309970e+00
1.591708055928945669e+02
6.786024848677470800e+00
-2.814686143832068410e+01
-4.940029595143596453e+01
-6.181515655619807603e+01
1.981154884892248447e+00
1.396900881509941428e+01
1.753503602528746796e+01
2.505548951518562717e+00
9.311683750571842211e+01
-6.087885056449363219e+01
-2.350483593259559711e+01
6.641617318908322432e+01
-4.128697940966276292e+01
-4.239743676271723416e+01
-1.096186589976923642e+00
6.338932265496441687e+01
-1.813421957802393081e+01
-4.701884114425820371e+01
2.586414718671778701e+01
-5.041912007295650255e-01
-1.274826991724603431e+01
4.655622835786971336e+00
-4.193784234340694184e+01
-5.613122223621292051e+01
8.921038533852242836e+01
6.135073237387530298e+01
2.869303798912176617e+01
-6.547201319031444200e+01
9.687779897701148002e+01
2.108880712507152566e+01
1.534939607887603188e+02
-5.797907217469412444e+01
-1.532268967336176502e+01
-3.588411188242707794e+01
-3.586904368200521276e+00
-1.613943659743426906e+00
-3.314746456498028238e+01
-1.768998442155384510e+01
9.611400155074738905e+01
1.002487383969064467e+02
9.588087884451852005e+00
8.663195494961428267e+00
3.439974289598967516e+01
2.884041597413920499e+01
8.144649041807826961e+01
-1.118560727047247383e+01
6.796324970422210754e+01
-2.846275222228996427e+00
3.031338143466837209e+01
3.292701001959812857e+01
2.741630282543792418e+01
9.005092822250549034e+01
1.502058574611606900e+02
-2.906406367488898468e+01
-5.431034675839327974e-01
6.630180069097605156e+00
1.614283683074495457e+01
5.931674977233569734e+00
-2.909211743121659310e+01
3.872515680714195696e+01
6.523320128520481376e+00
7.402434017450218562e+00
1.297943084361617139e+02
-2.123767145287138192e+01
-1.689438634431962782e+01
7.668893611279145262e+00
1.614121283590015992e+02
-3.205998262453431380e+01
-1.202527327684583724e+01
-3.486514037893994100e+01
8.254213887708669972e+01
6.787443554942001356e+00
-1.956462594242157138e+01
-3.923421255300081611e+01
-1.098538467402977403e+01
7.992931731443593435e+01
2.983590689039776578e+01
-9.132811164854501840e-01
-4.174144594254210006e+01
4.131249687198578613e+01
3.468597074133185743e+00
-8.305153828492848334e-01
2.009942143435971502e+02
1.786844843957874218e+02
5.986353951696878539e+01
-5.040266324305741819e+01
1.143807823120891953e+02
6.834077032544928443e+01
3.323565410909964157e+00
-1.244356212555567254e+01
-1.498652652470354951e+00
1.955273673246915678e+01
4.906862229086073057e-01
1.033983484448292529e+02
-6.907729172090398606e+01
2.029392437088534962e+02
-2.726572834141256862e+01
4.348042537644687400e+01
7.101046114255495922e-01
2.300225864321739664e+02
1.102331639310932587e+01
5.631322395465303998e+00
-5.072447278858203390e+01
-1.519707794770556575e+01
-1.788828940880193841e+00
8.027058682674328338e+01
2.512028971449717574e+01
4.583813094604590788e+01
8.205237493054710285e+00
3.560333069937519213e+01
1.980133844163329968e+02
-9.456999169815617279e+01
1.583769220093374770e+02
6.229949489275213637e+00
-1.779244825131968355e+01
2.156102320178752052e+01
-2.780793335602925254e+01
2.643631063757038646e+01
7.848677722977640769e+00
5.640336540365024121e+01
1.476684978183637895e+02
-3.040521719154639868e+00
-3.067499139240385375e+01
4.003825949595079692e+01
-6.178417779526762388e+01
-2.966474673725360844e+01
-2.437558725827631179e+01
1.266617630089982640e+02
-9.131110822925620596e+00
9.605570103043214658e+01
6.695314590125690302e+00
1.948425194898732116e+01
-4.704010785934258365e+01
-3.397324912649901307e+01
1.441322915869862982e+02
1.006549938539819777e+01
-3.640438809003512688e+01
-6.027089559787305006e+01
6.045271852435689652e-01
1.152454395099159683e+02
5.429277143756462465e+01
6.539830387209349283e+01
-2.660204329253542710e+01
-1.606413208458889130e+00
3.359501475642105106e+01
-1.938187508449277630e+01
1.320000151701310642e+02
1.352967832229762735e+02
-2.601091901006566331e+01
1.104911636281246956e+01
-1.921727235335538353e+01
2.419644162203803717e+01
1.656779756210793266e+02
-1.775927530534863763e+01
-3.654897669924616821e+01
-2.498776376799924037e+01
1.508320363181383073e+00
-3.350265986585964129e+01
5.283200033973048448e+01
-2.098618209001142532e+01
2.068988834503534235e+01
-2.587027858566580107e+01
-2.526496532005796780e+01
-2.210528248314653865e+01
1.009609302730450509e+01
1.615222640708018389e+02
8.996269625247589374e+01
-6.925377045707591606e+00
4.210759627477000322e+01
1.687609292371225820e+02
-3.220582378025687831e+01
-3.761310026872661183e+01
-6.585662586872933844e+01
-1.229958838220591133e+01
1.097889811684581218e+00
-2.425007714533307990e+01
1.532552636147288467e+02
-1.987827707530436783e+01
3.414124974827154801e+01
1.632028198784259985e+02
4.157938132862000202e-01
1.878806274805810972e+00
-1.476684075705441046e+01
-5.511174549360134733e+01
-2.117821970346813032e+01
3.298386575545919186e+00
1.736863031068196506e+01
-6.282117918541632662e+01
-2.003089351533776608e+01
-8.828192634111167081e+01
1.425925625524610041e+01
-7.471120467660409759e+01
-8.636360928377598611e+01
-7.835788708416555437e+01
1.714658280952244240e+01
-2.198783305105246200e+01
1.556882619597631674e+02
-3.980475247196977762e+01
-5.514734816732152467e+01
-8.862234937385471767e+01
1.300545101799190206e+02
3.437075295267936781e+01
8.081141227817283834e+00
-9.969943564621416954e+00
1.508944081416609606e+02
-5.741665207451660535e-01
8.428370212301388165e+00
2.043856009903538506e+01
2.277550263267312403e+01
-3.920350413993764960e+01
2.792880325293822352e+01
-4.229668486126638527e+01
2.672287136830755117e+01
-6.738199414901839646e+01
-1.003036321759236671e+01
8.477382629492240085e+00
6.705992676069661229e+01
2.060564127667566936e+01
3.058965445373632974e+01
8.836248370922976392e+01
8.789468140451754152e+01
1.569077688627157841e+01
-4.161808546653719532e+01
4.708992553910456991e+01
-5.790434531681353292e+01
-2.600652203424488107e+00
-3.131549128747690247e+01
-2.802641757096063202e+01
1.647266283156568534e+01
2.042962082058017472e+02
1.674233350308462605e+02
1.135412018864391257e+02
-3.085096520345791760e+01
3.752459626771519652e+01
9.053692292796540642e+00
1.596761401429146190e+02
1.921075931203993150e+02
9.537095110991481306e+01
-2.089753387225437109e+01
8.059618268698386601e+00
-8.331365570268496867e+01
5.305945889098484258e+01
8.229093172147031510e+00
1.561812801139421936e+01
-9.530801454332367939e+01
2.213941483537837485e+00
-3.068773862155740062e+01
1.577628185264532021e+02
1.028228840908650454e+01
1.621287622675754392e+01
-4.119114935359039009e+01
8.564250124328054881e+00
-1.098960591463514902e+01
9.694201974949692158e+00
-2.283217246751530638e+01
1.460400200568165019e+01
-3.804536903921575686e+01
-1.957194315305514465e+01
3.668343082532146582e+00
1.067441229671799192e+02
4.066431201011391749e+01
2.128454293402874100e+02
-1.511490888319281112e+01
-1.834412979460876159e+01
1.349930226637898727e+02
1.018075886092165092e+02
-4.510375289743819849e+01
-1.645862832881289251e+01
-6.440286880867324726e+01
1.658013661935456184e+01
-3.338335174834844565e+01
-1.636708192860442068e+01
2.589617337615595716e+01
-2.065922346141633170e+00
-3.930659178946484644e+01
-1.181823303146870785e+01
-4.189669503224160962e+01
1.250300968651374660e+02
1.725464765139518022e+02
-3.852934427110653814e+01
1.227420485660160239e+02
1.327905858666144923e+01
8.758031942205047926e+01
-1.004214731846832365e+01
3.157133414201325650e+00
-7.210103414874151895e+01
8.205007950832009556e+01
2.053852894582485078e+01
-5.350167690557771039e+01
-2.771938653658776275e+01
1.160064760243593582e+02
1.379142441692716829e+02
-7.511951051049209127e+00
-2.049363071285756632e+01
-2.983214145923329852e+01
8.063738015563671979e+00
6.776312341969514819e-01
7.032354799262316192e+01
-5.875336831792549219e+01
2.907392805099652833e+01
3.111038222172169299e+00
3.719481121709418403e+01
-1.473069209277537084e+01
1.262817476866257493e+01
2.332694543839420476e+01
3.103947468672163268e+01
1.080782151699406768e+01
-7.860212348906190982e+01
-5.377569292049679461e+01
-4.922315012991248295e+00
-2.343160685779139385e+01
2.603594526868482717e+01
1.163986805387276036e+01
-3.004017215290537024e+01
-2.223726575375803804e+01
1.144003797789981718e+02
-2.772868916546053697e+01
-1.704074973211572797e+01
9.042576069928827565e+00
1.500103946685726442e+01
3.397430674463862488e+01
-7.558896962358630844e+00
4.121127950280651930e+01
1.153484160328556527e+02
5.103824826544405369e+01
1.160323116188637869e+02
-6.803090107076059212e+00
1.741165181428164033e+02
-4.746711520241717608e+01
-6.560108717804610023e+00
-7.350858469124500516e+01
8.494491290841779119e+00
2.669092830868055444e+01
2.638882144834587962e+01
3.639157566530820986e+01
9.786546156566873833e+01
1.699535602348130396e+02
9.039632679635587920e+00
-5.503268906882817646e+01
2.013067273802239470e+02
-2.251253418037026677e+01
1.358032699169825719e+01
-5.804564270217690591e+01
3.802604121399076575e+01
-3.086191284635219745e+01
-2.721668806819070596e+01
-2.439564053369758767e+01
1.263845652950828935e+01
1.763229648732681198e+01
-4.921532173084483475e+01
7.264439673501522066e+01
-2.833009543687717269e+01
-3.203587135871532610e+01
-8.007421078584320639e+01
9.016827825066229707e+00
-1.659463195927060042e+01
1.190294420161181961e+02
3.325940869312489667e+00
-2.560746228954678827e+01
4.435113600357544783e+01
5.619867507991784805e+00
1.870861091343321050e+02
1.251824009643869431e+02
7.192202654828861341e+01
4.306303824728638574e+01
-2.047173263384024722e+01
1.848784673485511121e+01
6.195831054863606369e+01
-6.039942783251342462e+01
7.237398799102606972e+00
1.948919105237077360e+02
-3.844095186541176190e+01
-2.838587702780091604e+01
6.301948293971236126e+00
-9.126041731754196462e+01
-2.364578520310078602e+01
2.368255304398718408e+01
8.077722236419390356e+01
5.497389669324093120e+01
-1.023569578608498887e+01
1.471714245835240717e+02
-1.676909682619566411e+01
1.876728435271551234e+02
6.195797064547025457e+01
-4.144046506134827723e+01
-4.562535528188914213e+01
-2.315451797898504083e+00
-3.323866398388236121e+01
8.547806314326919619e+01
2.861977168592352427e+01
-1.856090143571123008e+01
3.038705642263312257e+01
1.302900231868943592e+01
-1.475688835382311481e+01
1.720132168317468313e+01
-8.615602742762803246e+00
6.751623827952926149e+00
-7.631497266779922484e+01
1.651985318346253848e+02
-6.312644119087144645e+01
-5.436629588221865106e+01
-8.898298882987660363e+00
2.587058838813140937e+01
1.377394308211534053e+02
-4.161072015144145553e+01
2.453768209579084214e+01
-4.066804923434642660e+01
-5.254450357149517004e+01
-1.919113300599019567e+01
-6.981866399069531326e+00
2.117608847491499091e+02
1.339385987312698489e+01
8.714433803337055906e+01
2.092056155367981773e+01
-5.523952904648660933e+01
-9.342124580281256385e+01
3.183008589398650656e+01
-7.175057393600252453e+01
-1.041169432719721044e+01
4.637841712032968644e+01
-2.357708061524499499e+01
3.924039163069392089e+01
1.377489984641329102e+01
8.860057529821528988e+01
-4.625230528078213865e+01
7.443521069459393402e+00
2.138552927121097014e+01
-7.180917431168518306e+01
7.291166787114457293e+01
3.276887485772931541e+01
-4.067089867199047148e+01
-1.163996768081506161e+01
5.013745664539442259e+00
1.114731584782213076e+02
-4.127553575983267820e+01
3.982638689971895474e+01
8.813426980349402129e+01
-1.241763709989641029e+01
-7.172360078224028257e+01
-9.052658267194817654e+01
3.024292107603707791e+01
1.572657269537103275e+01
1.255248247579959298e+01
1.873022954483417379e+01
-1.966860363083060292e+01
-3.729286600888053727e+01
-1.156961173415038502e+01
-7.174807042061468110e+01
1.087785421946955466e+01
2.247978382368273742e+00
1.186546773350528383e+01
-6.947735063019320023e+01
1.095471216191640451e+01
-3.008980476623878531e+01
2.451592855589456121e+01
-2.455971532958187709e+01
-1.464394616810841399e+01
-8.597784260850858118e-01
1.974231100992824395e+01
3.499944354354056486e-01
6.054575059621492983e+01
-4.972573352114295631e-01
-2.891536996688273575e+00
4.792311975572374649e+01
-2.441674136199594614e+01
-3.702827776680885563e+01
-3.471737261085104365e+01
9.073660723450666410e+01
3.583832054927802346e+01
3.553889887353579979e+01
7.797839729151746724e+00
-3.291789839766715886e+01
7.988090632030889537e+00
-6.295234172462039623e+01
1.469451219408406359e+02
3.435156365948546409e+01
-1.066650551497775723e+01
1.288918971012467409e+02
-3.701646500021308839e+01
1.023365905444776445e+02
-6.305831548955552535e+01
4.555629950677712259e+00
3.393218892018603583e+01
8.590635618931173667e+00
4.524157377877668296e+01
9.543167143499488247e+01
8.867071588903172596e+00
3.550678273656399142e+01
-3.388151249223187733e+01
2.687985122033796870e+01
1.229475770842827842e+01
1.504211482078494555e+01
-4.301982646689111789e+01
-1.195944340167443443e+00
1.929422948686474228e+02
1.600855551586410002e+02
-1.817217062389818238e+01
1.757944100930785680e+01
6.613409809077791124e+01
-1.587412157419350933e+01
-6.869532868335443254e+01
1.034506149776721031e+02
2.444890687413135311e+00
-4.892706093136621348e+01
8.611173198730966760e+00
-2.998397675373325910e+00
2.249434079937827846e+01
1.423768085580445586e+01
-2.696437020932876294e+01
-2.955159051568443829e+00
1.846310230256938212e+01
1.290032591723593214e+01
7.458795336293633227e+00
-5.801619380247302615e+00
1.503420263712425822e+02
1.166575158902992371e+01
-9.800436784259090928e+00
6.432959271076356345e+00
-2.978204157048253364e+01
-8.863792599656744642e+01
3.807613411850729790e+01
1.866118015289828236e+01
-4.012873654381996857e+01
-2.260235570962049678e+01
-5.007908307756270005e+01
-2.915495485097562778e+01
1.118957236690718560e+01
2.453483846479684871e+00
-7.205604024603621838e+01
-3.516457736717643456e+01
7.025784836852426452e+01
-2.912267965081264265e+01
-1.113996608636966812e+01
4.255629533594037639e+01
1.000906492389844971e+00
-7.509202644722415698e+01
7.798087890276292455e+00
6.075824531388889227e+00
8.952508015911280381e+01
1.379236222128539566e+02
-3.632203254301293782e+01
-1.894406779495739102e+01
8.469869125882723893e+00
-7.649045033205516120e+01
-8.312774875246304873e-01
-4.491125266769267910e+01
-6.339734404350201658e+01
-5.742690677203654559e+00
8.487714965232646591e+01
2.161616455197690811e+01
-5.370329591742120101e-01
-1.508832870391029246e+01
-2.845331296843824020e+01
-5.803678728079830762e-01
1.169642437777383748e+00
-1.960439780050660374e+01
1.240187994843867045e+02
4.555121079165985520e+01
2.558350007190529141e+01
5.425469328311010031e-01
-1.765306297681718206e+00
6.988964536147682338e+01
-1.374065966539978945e+01
8.291834896547925382e+00
-5.749314558817013676e+01
2.627966381172291221e+01
-6.754217544483481106e+01
5.801969703754082275e+01
-5.734749099397970440e+01
-2.633236737689026086e+01
4.091393120000077488e+01
2.043196505144896946e+01
4.599050371068472032e+01
4.491019017357280063e+01
3.105732664899744577e+01
-3.103264313962972665e+01
-3.887582690477802316e+01
3.909315776466849002e+01
-3.153362773259209462e+01
1.957731689233128236e+00
-1.064906596627133695e+01
2.404323934074568569e+01
4.630277996334370982e-01
1.275330454699194433e+02
1.753048708657979660e+02
-2.387280066853759308e+01
-3.391664803509809190e+01
-2.979191738186955263e+01
-8.358901968645113811e+00
-4.643471017642377774e+01
4.850759773418849363e+01
1.028744636297758461e+02
3.352444117975869631e+01
-8.967229685305824205e+00
-1.742014143325377518e+00
9.397682351107459908e+01
2.238925685901676843e+00
1.149421361803069885e+01
5.595877339268554351e+00
3.009977021336680991e+00
-1.854762324904731940e+01
1.874485703149514393e+01
-6.883794099132876454e+01
-3.151819695647077424e+01
-5.288165228677132745e+01
1.510866938760465246e+02
9.210733847446931577e+01
1.024244715089791953e+02
7.415091471452797123e-01
6.454498931018633812e+00
1.320797713245929117e+01
7.283207424251929751e+01
1.456589862538698981e+02
3.956998375894158926e+01
-3.810871935625937112e+01
4.144143168595314819e+01
8.754411094927945669e+00
6.817789956819069630e+00
1.459760999217390918e+02
-1.007414098957247006e+01
-6.074239549255491966e+01
-2.010069830478960284e+01
-8.508657556838102209e+00
1.834546482835695542e+02
-5.427767274947223086e+01
1.095918768260082743e+01
1.992298069334572119e+01
-7.406279385247091795e+01
2.220978520208973350e+00
2.879930098867816923e+00
-6.420153402082053162e+01
6.314097994603798725e+00
-6.524282734057885591e+01
4.820018642994818947e+01
2.145545483519003938e+01
1.878371813570515769e+01
-7.622462905946508727e+01
2.151091106403373487e+01
2.636192145084578442e+01
-1.875309333918630728e+01
-2.925070226412026386e+01
6.710359409351667637e+00
-3.177283564836398000e+01
-1.375045895854270839e+01
6.808121332593123043e+01
-4.109940850951545599e+01
1.916545169479604738e+01
1.448947516333978456e+02
-8.181197307332035962e+01
1.783899281315586904e+01
-3.088674120028372272e+01
-1.990374247158626986e+01
-4.774731329698511217e+01
1.308683478976627157e+01
1.291940510778567841e+01
1.133851615618330015e+02
3.315367787293325819e+00
1.616932755855919481e+02
4.931330265741689800e+01
-1.351285592269459812e+01
-4.435494744342315698e+01
7.627567327923543417e+00
-1.417676472445759828e+01
2.899214652284604199e+01
-2.735841228331184993e+01
-5.899515032477404475e+01
6.384253223988480386e+00
-2.091956325144099083e+01
7.535365922879657319e+01
5.461132543531221017e+00
3.481343018445750204e+01
7.571974902434021715e+00
-3.662607065594670530e+01
1.017848826190379441e+01
1.345400276309593437e+02
-7.566537180923455708e+01
-7.882629098159941350e+01
8.902955661707565582e+00
-6.667290189616073803e+01
-3.121376949859495653e+01
-8.600199591352520656e+00
-4.542478448033227778e+01
-6.788678189165079857e+01
3.144807572092463488e+01
-8.486550833885303291e+00
-5.412211830326361905e+01
1.309841265619670594e+02
3.729875530318645360e+01
2.495564974375770362e+01
8.960194603732475116e+01
-2.122735174342051323e+01
-4.191811686211622145e+00
-5.672732207639501212e+01
1.917467881890252102e+01
6.836101299387109975e+01
9.178753442905258453e+01
-5.093656941334472776e+01
7.894403120400488660e+01
-1.309648508419149948e+01
-4.758717470458350363e+00
6.508566379060277995e+01
8.282028003275831907e+01
8.223896402262425909e+00
1.570416641579686257e+01
-2.282581574363371146e+01
4.725341033023596538e+00
-8.159239677336699970e+00
-3.389500338269044732e-01
-3.102224667604900787e+01
-8.731510001433957768e+01
-9.885493262402860637e+00
-4.592873801174664550e+01
5.271157938624185135e+01
8.395236871225961295e+00
-1.084964294077326485e+01
-1.026487527248400511e+01
9.709121401418315145e+00
-1.507489793442596238e+01
6.659084101341341011e+01
2.486095287678244858e+01
-7.365613624235550105e+01
9.488849252076079210e+00
4.633121456298476915e+01
-2.005698216584960392e+01
-4.508399215272447691e+01
2.130408946722809560e+00
-1.018727269757823706e+01
8.974684887554559509e+00
1.813655170282754625e+01
3.682147169121844854e+01
4.641184402564317679e+01
-7.765328592605487756e+01
1.154548666124343299e+02
-8.442082020848681623e+01
-7.084124958588745358e+00
-3.006481900936273632e+01
3.060080662357472647e+01
-4.035084034159797284e+01
8.603672368180923513e+00
6.889353194741318021e+01
1.614622962905627901e+01
-9.434997815373208141e+00
-4.677116441497037158e+01
-3.633032649956453497e+01
4.191455932711801324e+01
7.887616446335493947e+01
7.805855190967349699e+00
1.354177507803069602e+01
6.898982916391616982e+01
5.978310463561035704e+01
7.349055704780312226e+00
7.342223533336255059e+01
1.040931644249016017e+02
1.852476652113730324e+02
5.790439641031071005e+00
2.140517547857143654e+01
1.050359372055891072e+01
-3.698439300043946787e+01
1.061431549767644356e+01
-4.316820449125134473e+01
3.801174754142857637e+01
-2.072108104276685481e+01
-3.829795106094297807e+01
1.371390849031070047e+01
5.049006991901796937e+01
9.610744948512433439e+01
2.447842202284846280e+00
-6.278901561281918475e+01
-3.454320512191770831e-01
-1.629343839397006377e+01
1.261766236582479905e+01
3.860198460161882394e+00
3.070663131791707201e+01
1.791913903537306396e+01
-3.013082367724155120e+01
6.926283721259574122e+01
-1.536736401975855415e+01
3.279731761251014177e+00
