6.835304934781358810e+00 8.510708663267482876e+00
3.285757322582458784e+00 1.423653596619956296e+01
2.403315435265930056e+00 2.816485714781586491e+00
9.074421508390935642e+00 4.673075853169562421e+00
4.720846629637202696e+00 1.044099262155985919e+01
4.044899192454524339e+00 7.125244498038080465e+00
-2.868017302214397990e+00 1.298092464942156887e+01
9.127099785150491584e+00 1.276192634065168008e+01
-8.046275466848795688e-01 3.746181291822331394e-01
-2.826208071432343427e+00 1.394407671525366688e+01
-3.740328368635044143e-01 9.080722965802262792e+00
5.893943049200242257e+00 2.744730404068738139e+00
7.352771865092266879e+00 6.870375978788868743e+00
4.797176872961724570e+00 1.006981588240670433e+01
-1.337024069878387511e+00 2.120698969836033676e+00
-4.253473959643710778e+00 7.839143154527128843e+00
6.505716538156999462e+00 4.898804559647736312e+00
-1.798167463941561905e+00 1.103225300918633955e+01
7.026090194298134861e+00 1.235047960396779132e+01
-4.174401287209985156e+00 1.460550321073267277e+01
2.312209798916515346e+00 1.495939944865788007e+01
-4.504333744257874805e+00 1.344829709998678346e+00
3.917214560484959307e+00 1.582125275986929758e+00
6.905983124115609328e+00 7.084836672529347901e+00
8.293621159610262694e+00 2.561223903246591327e+00
9.268944117747283329e+00 4.386187739627004589e+00
-3.237838564161860333e+00 1.401815944586703466e+01
6.704266662945835620e+00 9.823921809208348677e+00
8.732398247883001119e+00 6.382487381576964935e+00
-1.552547349202040738e+00 9.766852301305611883e-01
4.203673536115823950e-01 1.129544341345537894e+01
-1.944132546622752145e-01 4.480618145488374893e+00
8.245101524361942325e+00 1.411063488555579504e+01
-4.584010088624674850e+00 6.339899619695263056e+00
1.303054068815911570e+00 7.281406472516735562e+00
6.401402177082069045e+00 1.474778689743998861e+01
-2.617423408407066887e-01 4.053071999034545847e+00
-4.470948409104077648e+00 8.912681415592592415e+00
4.209554938350455799e+00 4.688171389218053875e+00
-1.749120557717165791e+00 9.980961947240166054e+00
