-1.559333582349900382e+02
-1.136417744143040665e+02
-2.578401256366406358e+01
-4.031073976914742474e+01
-5.301183154597910629e+01
-1.871952331005277870e+01
-7.946579262052071613e+01
4.487198060606995398e+01
-1.965308833224964502e+01
-1.282453605647100403e+02
3.086063661772354649e+01
-2.966040333719278266e+01
-1.770752649978444708e+02
-3.532573706032866312e+01
-3.278735570936279231e+01
-1.532128305007707070e+01
-3.588731679115227990e+01
-5.079963290856493074e+01
-2.773049866517891360e+01
-3.607855739728323385e+01
2.649528086409822691e+01
-6.839778828379644438e+01
-2.469196360744402341e+01
-1.818628735995409897e+02
3.318717728062183880e+01
1.399757873632797214e+02
-2.538558977985030651e+01
1.157237376234597193e+01
-3.185148897044476968e+01
-6.782839207099883083e+01
-1.661006300398172186e+01
-4.535974830794320667e+01
-5.538858428633931652e+01
-1.191202800360136536e+02
-7.652069442062131088e+01
-1.357705482597746141e+02
-2.815882673195708819e+01
2.972690234383504659e+01
1.788683173709562979e+01
-3.115632839795591025e+01
-4.798569822609354674e+01
-7.193063498309093973e+01
-4.930826424572532574e+01
4.368344714297280262e+01
-4.825176729363828798e+00
-2.740233413866823398e+01
-2.664893669065042303e+01
-2.127791354249478317e+01
3.146243525218037362e+01
-9.333653696688742230e+01
-2.095113467081159797e+01
3.564549156920740813e+01
-1.767169187392235870e+02
-8.366165708261495126e+01
1.307039948402634622e+01
-4.201400886712002603e+01
-2.394953398993361660e+01
1.025467272975279620e+01
-1.929971038550117441e+02
-6.363302388226357209e+01
-2.669853396444723614e+01
-3.037614653640209639e+01
-1.598168413095610845e+02
-3.240917689564384574e+01
-3.681242598219299822e+01
-1.617824909608432620e+02
-2.187513194184321463e+01
-1.374923352479688106e+02
-5.817362700850664226e+01
3.328646266668584275e+01
-1.699547334691636280e+01
-2.479891161663515220e+01
-4.042567870287796694e+01
-9.110481891947608801e+01
-1.617659033911589574e+02
2.835448994467819972e+01
7.453657601717925019e+00
-4.470556050846300167e+01
1.132144956428972336e+02
-8.628370976951130089e+00
-2.668036054872010610e+01
-4.737652024253961258e+01
-3.660557854659845134e+01
2.511677155745675449e+01
-1.189060314912526550e+01
-3.778251483092689966e+01
-6.264741896457951498e+01
-2.440908153738626396e+01
-7.620965954751000027e+00
-7.541664675746437752e+01
2.236995047034358919e+01
-2.892577280098793224e+01
-2.257127295402801082e+01
4.335423587126423683e+01
-3.835252961273042160e+01
6.523340760548741457e+01
-1.535678572958383725e+00
-1.413226254121405532e+02
-1.435619545239148351e+02
-4.535927495323410596e+01
-1.588705943559209999e+01
-2.855005989537527711e+00
-1.903245931713534560e+02
-9.096921808548066224e+01
-5.167036819689235472e+01
-3.200309779693358792e+01
-1.183299581066339812e+01
-4.164519702018330349e+01
-7.468146192793227556e+01
3.647671695778996792e+01
-1.234434003876713746e+02
1.256539254151001295e+01
-3.058974415104070488e+01
2.015639563386095290e+01
-6.282237673543851741e+01
-2.250004356331320210e+01
-2.422018795351229414e+01
-2.736011827693890552e+01
1.022363338857121562e+02
-2.493125711320366378e+01
-5.968111675155387275e+01
-1.041614085527108386e+02
-3.250396977278273880e+01
-2.709765258471856697e+01
-2.780472475838195123e+00
-2.802689888525161166e+01
-4.804509015821717810e+01
-7.622528456459761514e+01
6.681173379164114579e+01
-1.687089209100866469e+02
-1.314297197246178825e+02
-8.169934046741412104e+00
-1.344947162297611385e+02
-4.489722360057790240e+01
-4.821460073986579431e+01
-1.081471003711221641e+02
-1.939117502350298849e+01
-7.105555026698019105e+01
-2.378030875758167539e+01
-5.597550381532379049e+01
-3.165495924075732148e+01
-9.478321841001249481e+01
-1.459416613533296214e+01
-4.922677706952052290e+01
-5.730292271381009073e+01
-1.511193661920363809e+02
-3.287963997942336647e+01
-5.376622301393704362e+01
-2.275337677167486561e+01
-1.368724308579796798e+02
-5.012550434140719346e+01
-6.242920916922979302e+01
-4.081554623432310791e+00
-3.548158299889252731e+01
1.151180671460005271e+02
-1.081976496205117257e+02
-3.648007667683976507e+01
6.499206579442235920e+01
-9.561993871083497254e+01
4.504452625031888857e+01
-6.374346978141315390e+01
-3.698738551542751907e+01
-1.147831003890121195e+02
-5.781898091020840980e+01
-1.449870719508390664e+02
-6.902858446410662907e+01
-1.198779217692121080e+01
-1.277429125046412537e+02
-4.674534261227727683e+01
-1.760911177573349207e+01
-4.978965651149050586e+01
-5.481839071328984403e+01
5.624701500708820134e+00
-3.612495424968374635e+01
-5.590657352784385381e+01
-3.071898513946943154e+01
-1.676820493718237515e+02
-6.384920906244042271e+01
-1.823465238490305396e+01
-8.956108090896287877e+01
-2.181357227121108977e+01
-2.157128296514103383e+01
4.040571437320775061e+01
1.999270442848932561e+01
-1.861434122929997059e+01
-5.497789658086776399e+01
-8.506181108242084576e+01
-5.701514814692633593e+01
-2.039448585789623536e+01
-3.111092474811590591e+01
-1.335539331552628255e+02
-1.922123976076991880e+01
-3.514938787884357652e+01
-1.033798002329702683e+02
-3.842321756890846984e+00
-3.904702391014912877e+01
1.308213947297008950e+01
8.232976763345225990e+00
-4.572470660340078297e+01
-9.272712545477466506e+01
-4.485437467967290814e+01
-2.133396628796514349e+01
-7.533704727892103392e+01
2.704857281609614716e+01
-8.559430893513102490e-01
1.405430755384481856e+01
-4.392309776482400707e+01
9.623483697352863686e+00
-5.029922189271933064e+01
-5.281197240638324786e+01
-9.453358898634564866e+01
-1.547576664037623289e+02
-8.561727537714551772e+01
-1.169905432132104579e+02
-3.039081362634248507e+01
-6.893024892558472061e+01
-1.958173187834170648e+01
-3.387372094445235859e+01
-4.060700795904696747e+01
-1.862339964034659801e+01
-2.378283686843402833e+01
6.388821142913699447e+01
-1.390873296634837573e+02
-2.015115337897989889e+01
-5.124722852715942878e+01
-1.595119267792297535e+02
-3.571448619379739853e+01
-3.548189432691680167e+01
-1.308930694026307862e+01
-5.156151948101847182e+01
-2.565166011107367439e+01
-6.271992334388161083e+01
-2.358107387064012528e+01
-1.252753113986947753e+01
-4.060352069104771999e+01
-1.417325544921389735e+02
-5.110915487492192710e+01
-1.356041927021827931e+01
-1.693197352960557964e+02
-4.783376707095650460e+01
-3.997680803018354112e+01
-1.566566824321106992e+02
-1.616252073504423379e+02
-3.608064268940759689e+01
-6.361816750381393604e+01
-7.623939440467032114e+01
9.267418513195110563e+00
-8.230128525413677210e+01
-1.041989035792724749e+01
-1.688533963197357650e+02
2.090961723560792862e+01
1.135582414984463639e+01
6.561052840765293581e+01
-1.892528327484475597e+02
-1.909274432654175158e+01
-8.915122620015171151e+01
-2.227587177589180456e+01
-3.178678120309992039e+01
-2.736212800638384124e+01
-2.863950355223094846e+01
-6.257235092028224699e+00
-3.531871348783725750e+01
-3.625184318757307267e+01
-5.021186249894414999e+01
-1.341870635570023751e+01
2.834788985201764078e+01
2.945445959250246659e+00
-2.607586778374096781e+01
1.200767265578057685e+00
-8.108471600040017790e+01
2.385642313478870946e+01
-6.019922433662493688e+00
4.056080105822704063e+00
2.017031427928012377e+00
2.832078964746894556e+01
-2.136117574257875162e+01
-1.901378007271945947e+01
-3.662044476810800830e+01
-9.783377819713100720e+00
-1.079630364722102058e+02
-2.089473667092830311e+01
3.460606582090310468e+01
-9.018718292934192249e+00
-5.294029098855146032e+01
2.615312178262722398e+01
-2.375561828281318810e+01
-1.050743149360880579e+01
-4.249663404030127367e+01
7.522160478830723207e+01
-2.698081396382866970e+01
-3.078121883644588053e+01
-6.341565690152899037e+01
4.390195365452340681e-01
-3.815295084584015939e+01
-1.182116476306319797e+01
-4.312043807378876181e+01
-9.942332192480616726e+00
1.444635953231419023e-01
-1.857264860923269367e+01
-4.116711529192913588e+01
-9.688390239046506736e+01
6.070354919789551928e+01
-1.374979902321358054e+02
-6.977852644856608322e+01
1.060501008189037861e+02
6.756649650325898904e+01
-8.412701448865739451e+01
-5.616982355872175958e+01
-1.915747211332396915e+01
-1.134057210840983387e+01
-4.852529880089768000e+01
-1.892885122019696453e+01
-1.556662377059877258e+02
-2.833699667207371675e+01
1.571708740251349212e+00
2.619492907950637672e+01
-1.202538628698229246e+02
1.104528198081812036e+02
-5.207032164627665338e+01
3.001939293649688878e+01
-3.337579496758660014e+01
1.611811962851560622e+02
2.066219165399886037e+00
4.703543955162370338e+00
-5.390876142798249049e+01
-9.702241084545150329e+00
-3.354829958636596388e+01
-4.822659838045480818e+00
1.678059234430451241e+00
-7.754655837277516639e+01
-5.091462598741696866e+01
-2.847598719574762427e+01
1.029746200966945224e+02
-9.982402589732359388e+01
5.294482936213025681e+01
-4.338045269681451543e+01
-1.749529023785394202e+02
-1.903695429452868737e+01
-2.264772296433565302e+01
6.181496681230457924e+00
-5.305013093486773812e+01
-2.733014571499772316e+01
2.321426123494215688e+01
-1.118210960798416309e+00
-2.475975485239763429e+01
4.735014677538602257e+01
-1.599121867827798837e+02
-2.519550313179497891e+01
-1.638485272812236104e+01
4.902196746327949484e+01
-2.446596897345848731e+01
-2.217166769967950302e+01
-3.857859782440584695e+01
-3.934159268323350034e+01
-5.688346129258692940e+01
-4.112607914393022668e+01
1.916462098008267390e+01
-4.256378094455459404e+01
-5.638996481526972815e+01
-6.319359708774979367e+01
-4.401281307572760682e+01
-1.708290683542935540e+01
-1.414763710312377043e+01
-3.234355184255635862e+01
-3.284806798917887960e+01
-1.112908723339528549e+01
4.966604064288696918e+01
-3.041928077567131794e+01
1.668280787727627157e+01
1.029738280757467805e+01
-3.939437887570461783e+01
-7.932183296243205461e+01
-1.733428279332726447e+02
-5.677489242643192213e+00
5.061259512189575105e+01
-1.533124559564847189e+01
-5.200837026539841190e+01
-3.468807777809821147e+01
-6.337107590572549043e+01
-3.193851960606492923e+01
-5.617809338003814190e+01
-1.341590074784053499e+01
-1.377364887285661155e+01
-2.181557421824225429e+01
-1.209333503559180514e+02
-2.546096971398075937e+01
-2.548385334294105675e+01
4.180527681517627769e+01
-2.075633071575164124e+01
-5.518765779095234691e+00
-3.063598020629250840e+01
5.704468438112655093e+01
-2.713647348813849902e+01
-5.647452068453507223e+01
-9.968648309846639677e+01
-1.687504685722497584e+02
-6.185493698460417988e+01
-2.739697309213049792e+01
7.222277732655169302e+01
-6.200327372396829873e+01
-5.469281209377044206e+00
5.602109137826081309e+01
-3.224406081192148577e+01
-1.458473805879642171e+01
-5.006106266504360747e+01
-5.827012619241488522e+01
-2.521255719955903629e+01
1.792127265042189777e+00
3.303087654395245210e+00
-1.664356369154568256e+02
-2.374078482602492812e+01
-1.373627099541238294e+02
-2.803201131872960872e+01
-1.091525137033266475e+02
-9.352654149099655001e+01
-1.490380960317534687e+02
-2.905973658426763251e+01
-7.379290676078980482e+01
6.979842153199410859e+01
-1.594636357699345695e+02
-1.297519323087473992e+02
-1.064775181845031540e+02
5.117431187274334548e+00
-1.143371390543188113e+02
-5.280311658340067282e+01
-1.006655441579459307e+02
5.140925630494688647e+01
-4.497415604031482772e+00
-4.448250974987848849e+01
7.534362183499109022e+00
1.903769168558466163e+01
-4.066903255281806651e+01
-1.297205207987254738e+01
-1.065798513221345729e+02
4.478321003191933158e+00
-7.189668222891398841e+01
-1.904469288986307163e+01
-4.628286173494477396e+01
-1.187250355065371288e+01
-2.724362295628743880e+01
3.963910272924056244e+01
-3.057796353520010513e+01
-5.054398589791998830e+01
2.731958565670707273e+00
-7.837350547329094752e+01
-3.145849440025533994e+01
-1.810782136649240783e+02
-3.292683110825777959e+01
-3.811468034947570516e+01
-1.950124010664442409e+01
-1.342349489018675399e+02
1.136212675999970259e+02
6.522215016549316147e+01
1.488738980134086276e+01
-2.382345182750874102e+01
-1.094454473579980913e+02
-4.698195467490309341e+01
3.920635137696466188e+01
9.157119367919013087e+01
-1.870574020773778656e+01
-1.942322865660293019e+01
-4.656599438284514747e+01
-8.247091123801902768e+01
-8.397008799486518171e+01
-4.099354123378565617e+01
-3.251146418259600068e+01
-1.075509370443085970e+02
-2.511255019465794547e+01
-2.651147256364404114e+01
4.343723826660615828e+01
-4.332817145835598183e+01
1.364484816976492709e+01
-5.216224353903491107e+01
-3.633009413462346515e+01
-8.633781203759264145e+01
-2.585693186956913436e+01
-1.466053542456050707e+02
-4.215306721165860182e+01
-4.346436847397045256e+01
-3.218380741884307383e+01
-5.749423748398498901e+01
1.904543354788096110e+01
-3.560240264798398613e+01
1.252203519930843356e+02
-5.467100052446562586e+01
-1.656065481558956662e+02
2.115336475495491442e+01
2.353921133451556003e+01
-6.198048963010158019e+01
-2.735767831590154486e+01
-9.187696440200360826e+01
-3.230355530532455077e+01
-6.257031197072269890e+01
-1.113735920589574846e+01
-2.123784780387986615e+01
-1.904467965783360484e+01
-5.046386309139568738e+01
-1.010988548739201036e+02
-4.596068926094337570e+01
-5.140201757745018085e+00
6.153255756301862789e+01
-4.151844172156049240e+01
-6.264566503789232854e+00
-3.063746348663568497e+01
3.476476520923968749e+00
-2.067170072023822769e+01
-1.498512860363658490e+02
-6.932072542248599234e+01
4.716508971638925907e+00
-4.236197349903639520e+01
-1.469751040999242662e+02
-4.052910460240306634e+01
4.026422991211227043e+01
1.161810888034709954e+01
-3.123935247909044932e+01
-3.542820109252871674e+01
-2.591955472745865308e+01
-5.190089325471370785e+01
-3.164241529072944559e+01
-7.745533599446218886e+00
-9.695204576211357050e+01
-1.646962138188235869e+01
-9.310904953314013710e+01
-1.112901517637363327e+02
-8.837098937017221090e+01
-2.387758042276027837e+01
-2.453864702519383201e+01
-3.687529454552510799e+01
-5.536255406113700417e+01
-1.468813163734044451e+02
-7.067629247282204119e+01
-3.116467263611814076e+01
-1.458258421895727963e+01
-1.975627141473047743e+01
-2.474605225694757138e+01
-4.754383792879623627e+01
-1.357526518560227302e+01
4.154888319367343996e+01
-3.050034662972500143e+01
-2.356827896369204112e+01
-4.759491022946817651e+01
-3.399804281546343532e+01
4.338918963468208290e+01
-8.253255464824892584e+00
-6.626188274310255366e+00
-1.800304090578713101e+01
-1.421357918993284386e+01
-3.975850972682039242e+00
-3.082476113775501148e+01
5.951354104326324546e+01
-1.491077593814446800e+02
-4.986515352963071734e+01
-7.062577667040389429e+01
-4.514180080649170890e+01
-1.210611063258805729e+02
-1.722881435024427077e+01
2.984929038387440414e+01
1.989007950618006149e+01
5.423700633501339041e+01
-4.766125197546983827e+01
-7.277613419441954079e+01
1.139075271320484717e+02
-3.040913512784770489e+01
-4.040183954309490844e+00
-5.993830937478290366e+01
1.039620112243983741e+01
-2.951872940076487595e+01
-3.213892237853496425e+01
-1.632674741729778134e+01
-2.246120547480949625e+01
-3.624848597323291699e+01
-5.022962052298021263e+01
-5.549900354636744026e+01
-1.100955128651376924e+02
-1.608583650977541879e+02
-1.620638033183135178e+02
-3.615913445859993303e+00
-5.832432446744330434e+01
2.491508180256166582e+01
-3.402116117344643698e+01
-6.898890710277828475e+01
-2.709506458091836834e+01
6.236023513112609606e-01
9.572605502785245335e+01
-5.736986060255024000e+00
-1.526759108974373547e+01
-8.620780717023657758e+01
-3.161556491887745324e+01
-2.745529775160155594e+01
-7.479744133160866681e+01
-1.585880336122158667e+02
-4.894985953623079666e+01
1.000820736786558598e+02
-5.199054356915718245e+01
-5.522593567648959834e+01
-2.914427205323337233e+01
-9.709251352815891778e+01
-8.455833329511493446e+01
7.892046510287769934e+00
3.768004439205302702e+00
-8.338496525266148751e+01
-2.424822324609998958e+01
2.434747826883153010e+01
-1.708970350004122452e+02
8.414119358901884027e+01
-1.363456411433242010e+01
-4.480114001403539703e+01
-4.618920765032347475e+01
-3.463888100625658240e+01
-3.555950212389478082e+01
-2.290619620068392948e+01
-1.203887607957430532e+02
-3.276182850761671261e+01
-4.746484933806366513e+01
-5.729091471170489669e+00
-4.702147814359439337e+01
-2.498908073243663353e+01
-1.520523213954530206e+01
-3.673912146848292082e+01
-1.230866120135515871e+02
6.152725893155808023e+01
-6.483524948824724277e+01
-1.904813956810494062e+02
-8.324929058516694624e+01
-1.258877505498523774e+01
2.126252643501742767e+01
-4.695247148939890280e+01
-9.168894285961707169e+01
-7.626141852613122296e+01
-5.358398515474068802e+01
-1.135485380085242824e+01
-2.772953016896859424e+01
1.240348203386954253e+02
-1.023958848116469333e+01
1.010887801451998058e+01
8.092408976584296809e+00
-1.287965661649853359e+02
-1.045883449841914512e+02
3.425556634738740769e+01
-7.099689731980764407e+01
-1.102630474815360628e+02
-1.002138246154208332e+02
-1.511492279805110073e+01
-3.297988795263887596e+01
-3.588923701906063002e+01
8.521530630818610064e+00
-5.753471948260379065e+01
-4.183093291433284833e+01
-2.171759801015671343e+01
-7.648468741498581380e+01
-6.767966242149304890e+01
1.893642202410679332e+01
-4.509618119192751351e+01
-2.654781773879921047e+01
-5.544874226698967590e+01
-1.684441067243336221e+01
-5.566717451856236210e+01
4.026344388716032086e+01
-5.061238204796380558e+01
-2.925712133966952422e+01
-1.238266415264579052e+02
-1.324022825508007486e+02
-3.515496308588890884e+01
-2.500293356489124363e+01
-2.282601937981371520e+01
-4.650088821158613683e+01
-1.544241397145608019e+01
-3.468460820292717983e+01
-1.934311967283271372e+01
-7.452698146579429306e+01
5.959808837855026908e+00
-3.719903595209457592e+01
-3.498570417224217977e+01
-7.047997310505340351e+01
-3.151851554388879606e+01
-3.191882810079794552e+01
-6.423835615777301200e+01
-2.622379474248429432e+01
-6.694639203945627060e+01
-1.918467989796581463e+01
-2.794122716994801436e+01
-5.950495687820853163e+01
-8.342243650118240339e+01
-6.384187294801921553e+01
-2.106276520809659303e+01
-7.876697505339301131e+01
-2.605123872634673887e+01
-7.840021800950786712e+01
-4.199034079161539523e+01
1.241899005154237301e+01
2.248158744662419650e+01
-1.863602800066264109e+01
-2.277198352774198042e+01
-3.016948095776510996e+01
-4.765021325122748408e+01
-1.210075286903409904e+02
2.225001841570548677e+01
4.064372282246719692e+01
-2.615091171976447271e+01
3.023176736946331289e+01
-1.198179612326133281e+02
-2.524456958647431293e+01
-1.759983283591336658e+02
-3.308604381098952274e+01
4.534882958443252932e+01
-4.832828226823647810e+01
4.257970015754801096e+01
-2.360310669557570407e+00
-2.025983442799863354e+01
-5.585912905823422037e+00
-1.833517533213724278e+02
2.321989954888446661e+01
-3.800918732774429998e+01
-1.378063514777848013e+02
-5.296423874215290084e+01
-2.887128174722008112e+01
9.888396685809676967e+01
4.334611759670632125e+01
-1.601050763096562690e+01
-3.059846470083178005e+01
-1.523828055412151983e+01
-6.877995998987127280e+01
-7.623468857864760651e+01
-3.237667164272338027e+01
-3.457676521385310053e+01
-5.301066421727406919e+01
-5.064054665943561417e+01
-3.097240307998586673e+01
1.808181005238679973e+01
-3.244000516655268740e+01
-2.321358229271938711e+01
-1.593797342748211463e+02
-4.429339710815548870e+01
-1.147675825595046462e+01
-4.881608681998810084e+01
-1.715481404584495806e+01
5.349495753885633320e+01
-1.914003118575882212e+01
-1.215212275224211425e+01
-5.373107499752494221e+01
-6.042901957160679416e+01
-9.317988443048402303e+01
1.197733262092167372e+01
-8.166811835847394718e+01
-4.942194587311304588e+01
-4.043604726033444763e+01
-6.246556692126725352e+01
-5.024882352025077381e+01
-3.471983946497381623e+01
-4.402110759412681062e+01
-1.646134454796631985e+02
-4.756721272082415197e+01
-6.718330658642999254e+01
-4.944290941713960308e+01
-1.667246914163877136e+02
-4.860029006537907037e-01
-8.072071987939992255e+01
-9.599419649634957352e+01
-4.043203242052346980e+01
-5.580405608856165145e+01
-4.136515612758495664e+00
1.031936452271067139e+01
-1.717807831469488349e+02
-2.446535344017899405e+01
-3.679375004288441886e+01
-7.336347137671529595e+01
-2.002452032477389565e+01
-4.538561060833974636e+01
-6.744143276023669387e+01
-5.015083556815000065e+01
6.774124386027822631e+00
-2.613183484721555772e+01
-2.348639039087380809e+00
-4.688567977422636091e+01
-2.000114106276897630e+01
-3.343620947357305795e+01
-2.733575331622304105e+01
-3.764869554983030753e+01
4.861642044592822742e+01
-2.613191123347813871e+01
-4.030831905425175776e+00
1.206566885238487430e+00
-1.383127294264008071e+02
-1.638825571599791786e+01
-2.261356499202994641e+01
-4.163328635657974530e+01
-1.261855123168991781e+02
-3.741532935702764462e+01
-1.181908243536103242e+02
-7.972744530116254680e+01
-5.775217992909477971e+01
-2.822083824751985048e+01
-8.276681706774689928e+01
-2.738302991026193922e+01
-4.910411856592453717e+01
6.244119095430477984e+01
-6.674397762543435420e+01
-2.391747171327700272e+01
-4.725763727933099290e+01
-3.859062236224271913e+01
-4.141815369431317606e+01
-5.673419191985814791e+01
-5.358840075917054691e+00
-1.860642894626568022e+01
-5.957317592890426994e+01
4.701257744859597665e+01
7.342859677193168011e+01
-2.866727335625853357e+01
-8.637133902274689490e+01
-2.211321467139192976e+01
-2.614051824643100019e+01
-4.708924338132913334e+01
-9.758486391518398761e+01
2.667795208702472465e+01
-3.413744579954513370e+01
-1.601653710648477045e+02
-2.117023170450531566e+01
-9.175689260147445125e+00
-3.690833077225757819e+01
-3.801140449112979525e+01
-4.892880024862819965e+01
-5.203595533451540689e+01
-1.496170642338458379e+01
-7.889324724393806321e+01
-8.426119461054909721e+01
-2.888376240157701602e+01
-5.491026178420833759e+01
7.061301330232046780e+01
-2.807153025784455735e+01
2.719741117647793516e+01
-3.547523566914858861e+01
-3.953072950984385869e+01
-1.952918199035158864e+01
-4.597864704758642063e+00
4.641569396629057564e+01
-1.084219403373881363e+02
-3.579355282680376149e+01
1.325392637264050499e+01
-4.804998857001428547e+01
-3.927441688430981515e+01
3.905407611530225154e+01
-2.470779974484342745e+01
-6.042071845220714721e+01
-2.863478876866568612e+01
-6.438666412745999423e+01
8.041519498597855886e+01
-9.665524642570908043e+01
-3.627228446206926549e+01
-2.680086790995131096e+01
-7.168876581327407393e+01
-3.628365425375936582e+01
-3.191936973759447937e+01
-6.596976628537778709e+01
-4.866108324611504798e+01
-6.634507715422752483e+01
3.756392107823675985e+01
-1.274077974791117072e+02
-2.747774299795853992e+01
-1.687573087635885827e+02
-2.525791057304297738e+01
-3.747734093863392957e+01
-1.104904776318337412e+01
-2.659481097756713908e+01
-4.018706414950728600e+01
-2.550709089862553469e+01
-5.345792819020437037e+01
-2.190611386004677286e+01
-6.869817262180822581e+01
-2.720698020815045126e+01
5.065505631241920526e+01
-1.559181813235547054e+02
-6.733739876862995288e+01
-2.773488653910338542e+01
-1.554870126127721619e+02
-8.175636901606995366e+01
-3.739590763357763592e+01
-3.164389761710659599e+01
-1.446131453828188285e+01
-2.980667956740479241e+01
5.702086717414130845e+01
-2.652593647660718545e+01
-2.629546790172632598e+01
-5.590823289866171564e+01
-3.914426376903209359e+01
-3.489474492309232545e+01
-1.633435537293201989e+01
-5.427667036113146537e+01
-5.974321419360566665e+01
-4.252361360709618765e+01
-5.657651839573587438e+01
-6.062237680096770021e+01
-3.465929308175408607e+01
-3.566779116549516004e+01
-4.391467413966836375e+01
-1.829712805884236388e+02
-4.104561507536691778e+01
2.753299919781968086e+01
-1.525203080348217952e+02
-1.253535349365141656e+02
-4.836963328519169636e+01
-8.305757124541520398e+01
-2.444753662923270099e+01
-5.334304363999788023e+00
-6.630247875625734366e+01
-1.516583495922150462e+02
-1.425621102866128886e+01
-1.419317737568655957e+01
-5.489438974538042970e+01
1.815939560440455125e+00
8.499346873116692791e+00
-4.937186843569284633e+01
-4.916102430326488104e+01
-1.258799748565850507e+01
-8.541551895548439077e+00
-5.703444701261781802e+01
4.121313397339060103e+00
-7.005631879234297799e+01
1.027843566667099573e+01
-1.513684252241790489e+02
-6.120712901738395573e+01
-1.999908434853717409e+01
-6.166697694797346685e+01
-1.765163210526408477e+01
4.115613539248075270e-02
-4.492371480887727131e+01
-2.914414900990907142e+01
-2.861239090294395737e+01
-5.884341783075220889e+01
-1.933773577381255748e+01
-3.474677868205507991e+01
-3.166643514424553985e+01
-1.370010948552528589e+02
-2.434950815474048369e+01
-5.095777012887694468e+01
-4.311041347994395778e+01
-3.773025089423570222e+01
-8.103924177287517239e+00
-4.745973674593393810e+00
-4.351596671671715910e+01
-2.705138355123347083e+01
-1.682415905456110750e+01
-3.825906945869789411e+01
-7.952040661856236170e+01
-4.592210146200186927e+01
6.047099218488070704e+01
-1.798865797900858183e+02
-4.590371226517541459e+01
-6.163129002925833788e+01
-3.380846452932938462e+01
-3.355139232298915886e+01
1.076385856548387743e+01
-3.387744413306859315e+01
-9.655193271877884342e+01
-7.519946744023616247e+01
7.946080889414055548e-01
-8.895420958838204228e+01
-1.466075863842445415e+01
-2.767209895117917284e+01
-6.163158040706113638e+01
-7.120692191840328178e+01
-4.246535958132336219e+01
-7.556674293909395601e+00
-3.296545990797017112e+01
-3.079235009924786937e+01
-5.465404595808538346e+01
-1.010900266706314028e+02
-6.806614770606064724e+01
2.009850059385016152e+00
-1.440560240648098898e+02
-2.173521983072811992e+01
-7.346465059210991910e+01
-8.446204525781205064e+01
2.145797989756475843e+00
-1.194546711396056793e+01
-3.102648375249410861e+01
8.347059863672177471e+01
-3.433852285017493955e+01
-2.295365553718568918e+01
-3.627226848200732690e+01
-4.461033988397372241e+01
-4.267639795832721461e+01
-4.318168906645635019e+01
1.269930046419409564e+01
-4.410374791696591501e+01
-3.602422276400904622e+01
-1.014148916090083645e+02
-3.720994548000858515e+01
-2.587113836082095020e+01
-2.718598253288779532e+01
-1.285379822878490472e+02
-2.764937554619962157e+00
-1.738520026240076177e+01
-2.376789458015166900e+01
-3.871232557642514394e+01
2.237857959156607279e+01
-2.922375216189327674e+01
-1.136177448103462382e+02
-4.612376212065099423e+01
-1.212887537481586619e+01
-4.339085893887787648e+01
