7.225307853398786051e+01
1.462132790112164287e+02
2.908955639066285848e+00
7.120464573951636567e+00
9.244403488649368228e+01
3.375085952540214862e+01
2.587545955975611989e+00
1.116290080077194204e+02
6.551274949582659701e+01
6.699716283775139836e+00
2.502609296682444651e+01
2.156540706942785945e+01
4.584547848191752450e+01
8.705835552032769442e+01
5.113915113992928241e+01
5.856570403450677986e+01
3.369402040366430384e+01
1.090738786687760431e+01
1.415179656354970632e+02
5.163534213980804921e+00
