-2.235287281617388544e-01
-3.234508792540141542e+01
4.342594248022308534e+01
2.056769804486755504e+01
-2.432455913017966509e+01
-2.503675776187841961e+01
-5.414373326806095577e+01
8.055437290087994029e+00
1.274289463384607188e+02
-7.217000091254399763e+01
-4.296995941688589937e+01
8.143356279171420908e+00
8.038401521387577020e+00
-2.405920422398664016e+01
1.057583863815059431e+02
7.992455348744695698e+01
1.740588771703180271e+00
-5.072704369340144126e+01
1.634605311542429718e+00
-4.611206732430355260e+01
-4.266977010312828611e+01
2.088813032074190232e+02
4.095904817873181969e+01
2.198553477716302496e+00
3.913694768403564694e+01
2.077810663204385833e+01
-6.150859939900377071e+01
-2.207088895111894544e+00
1.502317070306523306e+01
1.326001043367630530e+02
-6.799709054942843522e+01
3.945016268438739360e+01
9.175490470806266785e+00
1.174858394415332299e+02
-1.616936382352707113e+01
-3.329078150438007810e+00
4.840444819550845779e+01
6.622684076271136178e+01
-1.166371105691782617e+01
-3.251350404920667359e+01
