7.898316205222659023e-04
1.022684705759664830e-01
6.852898372248490688e-02
6.302351347795043246e-02
7.781623681428747608e-01
6.932792801227570523e-02
3.813987289556178828e-01
5.496235603224826960e+00
7.894608990137557888e-03
6.668748120538504909e-02
2.062656729260085309e-01
2.222705155913576661e-02
3.592269123963641453e-02
6.527367965233406288e-02
7.236705138995424939e-03
7.170649555165949929e-01
2.739738670471030257e-01
5.744225057097124276e-01
3.385871328227096216e-02
2.232311403478407230e-01
1.180126626165434622e+00
3.452558991874744021e-01
3.936210459406639828e+00
1.894835672597318998e+00
1.101386726622936241e+00
3.257502225185621825e+01
1.095152279420535391e-01
3.218735014535091254e-01
6.466452913704159866e-02
8.232153668147504377e-02
1.708581138081281196e-04
4.031732990265532557e+00
7.893294927727910748e-01
8.662941049787839520e-02
8.641885783674989330e-02
8.908834608155825896e-02
2.141448361050538214e-03
4.862613024635838777e+00
2.045402767470579919e-01
9.079077656493256959e-03
1.043163045671622324e+00
6.683517177868954218e-02
1.219564667950954334e-01
1.495992942249203470e-02
2.268909886706266255e-01
1.339814979752796678e-04
2.219696484950756110e-02
1.950850477948789796e-01
1.158244545615773474e-01
3.977774752344190312e-02
4.711475567568744971e+00
1.789954681283121296e-01
2.847763397356187914e-02
1.022511901915329202e-01
1.564442117492257367e-01
2.877560644672403842e-02
6.487164583088871582e-03
1.330750570342674639e-02
2.971467316807347488e-03
6.920418814825748388e-01
5.569094865100763375e-02
1.059749510624939245e-01
8.920812615584260835e-03
4.700086834119114945e-03
2.018988765910906518e-03
4.369281434395377861e-02
1.432673512953190750e-03
8.982972585823327527e-02
7.489597913469105139e-02
9.450758043548878051e-01
1.143136405398341993e-01
2.799996649957514974e-02
7.622424420741369389e-02
2.317806409923471589e-01
2.254655163798069406e-02
4.013947204025045679e+00
1.787709768733425908e-01
2.270607885699236703e-02
1.890761879440956861e+01
3.966786501874565440e-02
1.996565904145287506e-04
9.852160933216010941e-01
4.033487060099365945e-02
2.612927455044848468e+00
9.497443740769946630e-02
7.399910244697804895e-02
9.270481528173495078e-02
5.376072414844154657e-02
9.726062383651638832e-02
8.373496212208950129e-02
3.857810004589813380e-01
2.608141050919092485e-02
2.368561153855590184e+00
1.034441569992826104e-01
1.958535905226425899e-02
3.307952343090167613e+00
1.664040122269037636e-01
1.062873503629681825e-02
1.808097779953061979e+00
6.795845535088888834e-02
2.917100511547484065e-01
5.571936398220440900e-02
3.468548809751658690e-01
2.318114135272049681e-01
3.549024539485614582e-01
3.564484962779357335e-01
6.139012314572769857e-02
6.446245829037901449e-03
7.897361723258869426e-02
1.008559055657856751e+00
8.578890303572127285e-02
3.209289334125938087e+00
2.908541249890132629e+00
2.286035235888614348e-01
6.250235237727147508e-01
1.599712127371817616e-02
5.110548417802605360e-03
1.347862057263436719e-01
1.012043193127978746e+01
3.578064572167923224e-04
6.234214159439428471e-01
2.319592866996768032e-01
1.879999415117706305e-03
1.823096568483926691e-02
5.993008529715309479e-02
2.353607998112169268e-04
9.154561345362936808e-02
5.112854462800120459e-02
1.357260302480354897e+00
4.075385913796501954e-03
1.731415292627818195e-02
1.368813288513394399e-01
7.449046115365362541e-02
2.283443593028686158e-01
4.776623592216153180e-01
5.901399989035740340e-02
1.435957184257838880e-03
2.547986176484834386e-02
2.368804329491071559e-01
1.276836399197089633e-01
2.854583610509258546e-03
5.125635843223380617e-01
4.383525105294246507e-03
1.326359486106411523e-01
1.038328763248357101e+00
4.065297867499871598e-02
1.184869278600615694e-01
4.153608300920806351e-01
4.931882497697655070e-04
7.415498810453513730e-03
9.201282241893876668e-02
8.978753041773254173e-01
1.098791995084041906e-01
1.842074258457623501e-02
1.374849645200722570e+01
6.644703563324257101e-02
2.547976222129566884e-02
6.911966470527060480e+00
6.201503794593750396e-02
1.049889456220252752e-02
2.346981479248763658e-02
4.311762473456900308e-02
6.068174725964539662e-02
6.564926539559086116e-01
2.030221030530210760e-02
3.588840282370917567e-01
1.691796558542323428e-02
3.553343245391954192e-03
7.527350087382082833e-02
3.569727673554768943e-01
2.210974126285310537e-01
1.107410864428807429e+00
1.215624037046256767e+00
2.064975110899208363e-02
1.159732180383177047e+00
1.307930493542047885e-02
3.704019691787842523e-03
6.184545313767836339e-01
6.614111414239175202e-02
4.630714345658743514e-01
3.276459889686474895e-03
2.266153235288937903e-02
2.344586191021413413e+00
1.462841065700228871e-01
5.632501016959789791e-05
1.064990276506482036e+00
1.215293389354553111e-01
6.489379398109427211e-01
2.057998439437895913e-03
9.736950358859261176e-03
9.016007282187316063e-02
1.126920275012167627e-01
3.562489696016919727e-02
6.940004584921776430e-03
2.434648001407272999e-01
1.372715015292836904e-01
2.779270899200320666e-01
1.209001449640643572e-01
8.728598501959629330e-02
2.306756197892975147e-01
4.979645825747807536e-02
1.480421041264889492e+00
5.044544401689879942e-01
3.595390758878069803e+00
2.199754238446347820e-01
2.983930576395120160e-01
3.651791656370246275e-01
3.104400170768961686e-01
1.344623669311665770e+00
8.646026041040903720e-02
2.261301353036156980e-01
7.489710273430486009e-02
1.971184385039658968e-02
8.021884811513002589e-03
1.758387409778031374e-01
1.290071332761139888e-01
5.307032825884590473e-03
2.940403043826484430e-01
2.608508444288514805e-01
3.987020392734716423e-02
1.743682026104857383e-02
2.184191781938209065e+00
7.009088918609941710e-02
3.760097656461381353e-03
1.162406093643459926e+00
1.934794509297300068e-04
3.272441687762586530e-03
5.275405543716826101e-02
2.518202854601514940e+00
6.870783340928173999e+00
1.640717210806540982e-01
7.594670271655884486e-01
7.747741737488341059e-03
1.758051742088536928e-01
5.200550547378299804e-01
6.315468885810410563e-03
1.937619024454558317e-02
1.621253807426940585e-01
6.103470590012520514e-02
9.717681827639157444e-01
8.104936902837546475e-02
1.859593894643547518e+00
3.322719902074101200e-02
1.936917588446450400e-02
1.047044618408628641e-01
2.591784854158208848e-02
1.422636670239701140e-01
4.032067129090535079e-02
3.582063059544782768e-01
2.419852580673930494e-03
1.300083620773234139e-01
2.487321306473140314e-01
1.341306012106130430e+00
2.924313354488700459e-02
1.835928208868093520e-03
1.582363566549901263e-02
1.427564917670209876e-02
1.565909228590267469e-03
7.200050009962602471e-02
1.953121283907431061e-01
2.572772450441909026e-02
2.931964083306701330e+00
3.964869233902825751e+00
2.060947514701307604e-01
9.244604698534138187e-02
1.781659124539674455e+00
1.649441052980300804e-01
1.199552445300474182e-02
3.029288306194639069e-01
6.525394263338020473e-02
2.364607267984292771e-01
1.030048894139914850e+00
2.663719497138646308e-01
5.866139038406431583e-02
1.359304038448691188e+00
7.458344179897322297e-03
8.985209282519309240e-04
2.602158918714174429e-02
6.683455735808341291e-02
6.710549761486829523e-02
1.020271867283107682e-02
2.169896123419118306e-01
7.124605610314686159e-04
5.259134758825637773e-02
5.393414950242225725e-01
1.604436937499549229e-02
1.399922869455931182e-02
4.385645865098212332e-02
2.100414704382465469e+00
1.005506391731396942e-01
6.144888685742185830e-01
3.596840764621821174e-02
1.205932811051743103e-01
3.630833996280090348e-02
1.312717954463156304e-02
8.141436213928778809e-01
4.618734944165282796e-02
1.662173647079283889e-01
7.051484792738433871e-01
2.625531349757649902e-01
8.632796518269899091e-03
6.313506347529759033e+00
6.872679778478965607e-02
8.197379792955984679e-02
1.145107482024259760e+01
4.789545188721755942e+00
1.621211309943074053e+00
9.943617734298655364e-01
1.946457848961814230e-01
1.758361701094187379e-01
2.171476762009807299e-02
5.353665784130572612e-03
1.148297110821718398e-01
2.311529007772360547e-02
1.288011486683287021e-01
1.124921889992912538e-01
1.077194548397618183e-02
1.235659442944475828e+01
4.624733990178062082e-01
3.696192099767830475e-01
5.273927021888929340e-03
5.217805370410059851e+01
2.136278664568068142e-01
5.048154609615847221e-02
1.166338433990229628e+00
3.288591806077741098e-02
1.452762404380950334e-01
1.793471361649383866e-01
3.761640877480762479e-01
1.069110649142079039e-01
5.051861197425052546e-02
1.565733241971148122e-03
1.009025816063497238e+01
6.164119922962710829e-01
2.224064781526508661e+00
1.834226646564763308e-01
6.462817452995087697e-01
2.012653655366631877e-01
1.017277030451834222e-03
2.772383829242350828e-01
2.195817425155708880e-01
2.942173954165432093e-02
1.308733010733027502e+00
1.157941594310097772e-01
1.632130276524270535e-02
4.377737116510544091e+00
1.550165216779687621e-04
6.052903565241756281e-03
4.298144900563565397e-04
5.384897856662960872e-04
1.246395609298186092e-03
1.781466786817286763e-01
3.786820385286768925e-02
1.115142178566277814e-01
7.681366188091572900e-01
1.545638642183781893e-02
3.811227038223034214e+00
8.023143184803865902e-02
3.949179461046363748e-01
4.671576546414431541e-01
2.507101709897777142e-01
2.066137788625697080e-01
1.008845600768923378e-01
5.811618741701338881e-02
3.601030838713559223e-02
6.935453702953860156e-02
3.601155458499118112e+00
2.332760227133262032e-01
7.687507766491084027e-01
7.121011256594764749e-01
4.949100951522978908e-01
7.600108270771180341e-02
5.077561560768718146e-02
1.703038591154207582e-01
2.695353840975919901e+00
4.254406083116977350e-03
7.795301887506962402e-01
1.102075343851033479e-01
1.860076611455389051e+00
5.231387405045058447e-02
6.589523214189577094e-02
4.549100813268127687e-03
1.811177239163885844e-01
1.319059327469917641e-04
1.938408758368406759e-02
2.976497730183252921e-02
3.891316720795843283e-03
2.602155751042267262e+00
7.399949802182620440e-02
8.879242095895974185e-02
1.340051149698582578e-01
3.100322964467302267e+00
3.656160856507502388e-02
4.290707809521060456e-01
2.161497650617644206e-02
5.245133876689533903e-01
2.295335967114891851e+00
1.013135117893232129e-01
9.838826775349762688e-01
8.097112985426601489e-03
1.284016103396520059e+00
2.643789155163623228e+00
4.513686743360717860e-03
2.853127299821811157e-04
2.478918610218402707e-01
6.060462774440463773e-01
3.296962654061849629e-02
3.564426608422646692e-02
2.430327023297731148e-01
1.030405134795572136e-03
1.839926854101342144e-02
3.750594860167689309e-02
1.791765016177716552e+00
3.687164161560889386e-02
2.358407244549231563e-01
3.942691770652366479e-03
1.934317873816401856e-02
3.198257383002573589e-02
1.451213805337367768e+00
3.389816028529697624e-03
1.465544865672872409e-03
1.825998681137223356e-01
6.006604705779006181e-01
5.615176065150995904e-02
3.110286407157810684e-01
3.879071269915340681e-02
1.544105810827854919e+00
1.272706283997434018e-01
5.790414249485958259e-02
2.615397503073509933e-01
1.154305790414773963e-01
2.607624726814635197e-01
2.993319822383039286e-01
3.806573359518080832e-03
2.859293196494092637e-01
2.467774545154885757e-01
1.396590852367225700e-03
5.706984647383003817e-02
1.756106578956208308e-01
4.193341649841323543e-02
2.794347932238169463e+00
1.411534477514142794e-01
1.835457787244873629e+00
2.351905896888277780e-01
3.350187203493878996e-03
2.722969479916249186e-02
2.152383550900720602e-02
1.558738652928985391e-01
5.051687071950378138e-01
4.436356727680356750e-03
8.578446096578751234e-02
1.305531539628891835e+01
3.174601688527756593e+00
9.311081788182573593e-02
4.023667881751460951e-02
9.552408019788859173e-02
5.269987557639684017e-02
2.459540525340670136e+00
7.950189767325886336e+00
1.330563672229759797e-01
4.029997944132183464e-03
5.664473793995618012e-01
3.249635434467116335e-01
1.241530429733599672e-01
6.207033020919389826e-02
2.177340641129736076e-01
4.385347131245024288e-01
4.441422618208249124e-04
1.294486417113751252e-02
2.022863442650856047e+00
7.799890219278139691e-02
3.781519159331551971e-02
9.323554938895783906e-01
5.780116148552592037e+00
4.915293723083606625e-02
2.772060788248399514e-03
2.402190257389403075e-02
3.661297110190564474e-02
1.274562349162351726e-01
3.147791916079618613e-01
6.978870418080934668e-01
5.437283545219477425e-03
1.601045401590092399e-01
1.966560446533197393e+01
3.813513554423166030e-02
3.049452896629271242e-02
8.674133674006661021e-01
3.980096315157717890e-01
2.382990204962473213e-01
1.377102599577820774e-01
2.338877036088584521e-02
3.943794420278689400e-02
3.866435106414725653e-02
1.126417185956127796e-02
2.542413546110065536e-01
1.182976383331929213e-03
9.444280069210422290e-01
3.615983016091494501e-02
9.651797441359906138e-01
2.776616126861942035e+00
3.596672314205873189e+00
7.269023348923024930e-01
3.773743146115761671e-01
1.883757774801875229e+00
1.096936119733458448e-01
1.064306956453601538e-03
6.411971579837637270e-02
5.794803437796506307e-01
1.070449942031955759e-01
6.092424553782071345e-02
2.537209225894198651e-03
1.006840633883761826e-01
5.416383047509088638e-02
7.429539090493240128e-01
7.284311646868668610e-01
4.258233710341449707e-01
6.281515805475835004e-03
1.055194740198685671e-01
3.749405976695811393e-03
1.701535697256369439e-01
1.153905233736400061e-02
6.475413791697649801e-02
5.779759611448112566e-02
1.836153257329655286e+00
4.227698013717196002e-02
1.726656405416894871e-02
1.499124030184647571e-01
6.120044538856693472e-02
1.009500073452030688e-01
5.233697508309737012e-03
7.081779250397028658e-02
9.401434843099190641e-02
2.195269859989414443e-03
4.241891684307167454e-01
9.279315091824938064e-03
7.521352743529500229e-01
4.211805315805096372e-03
1.227446052127114939e-01
7.323353698394916012e-03
2.687326709126395749e-02
8.777051257381515703e-02
4.201241891284605845e-02
2.672940783243237028e+00
7.037013183483550871e-02
1.585111516631383111e-01
4.874949846041337076e-01
9.402775612515310022e-02
4.095081349468586152e-01
4.357423566026478734e-01
5.273623268786402640e+00
3.072249491169164355e-03
7.247795755215112601e-02
5.362436164349716483e-01
5.626064759512094254e-02
8.733246524286560064e-02
2.032709202492491984e-01
7.882209354258912226e-01
1.896439247718467724e-01
7.328971647580067916e+00
8.747757011092868740e-02
4.965452740713336560e-02
1.177851710800878315e+01
1.631829857785006554e-01
2.243335551764497060e-02
6.818930847837144649e-01
2.284203945779803124e+00
9.802991351859084018e-03
1.995650649755894776e-02
4.968559945062219884e-04
5.874085588966402760e+00
7.420898573529412234e-02
1.084975632882880126e+00
1.430835256038347492e-01
1.354794521067962873e-02
8.584646244595017447e-03
5.013037594539625566e-03
1.728956037401951640e-01
1.084634863065521947e-02
9.129171417759487928e-02
1.027057235334279291e-02
1.184304834293386025e-02
9.120541470599846656e-02
1.812549614795074260e-01
6.903101884129495325e+00
3.932880775043015031e-01
1.023849207038636522e-01
1.197731766425050026e-01
2.372018847463866487e-01
1.295566062893169224e-02
1.230140321934805880e-01
2.776338474633602326e-04
4.153674815118241215e-01
8.956808735977363156e+00
8.462523464606965806e-01
2.437039014597885689e-01
1.808901717433788884e-04
3.960117688401614267e-01
3.330846982146814378e-02
1.518534075281003703e+00
1.160130607650866064e-01
1.182570533073352415e-01
1.825917094123955409e-03
1.181758526687779476e+00
5.078778233667587821e-02
6.648771720925387818e+00
1.293264016621045176e-01
3.238997249064132777e-01
8.105474557301761696e-01
1.422602479799841280e-01
3.108442793211841498e-02
4.532847925840667591e-02
9.442819944166964963e-02
4.179080210013326746e-01
1.453664097868407890e-01
2.162797366932074639e-02
4.310289995695720244e-01
5.172796179172767239e-02
3.762961264950290437e-03
2.704695709213336685e-02
2.165366732445204653e-02
2.902787253636309295e+00
6.254927910166063754e-01
1.947050498252014816e-02
5.548627223943309456e-02
7.707579930474241225e-02
9.551925608797980916e-01
2.545270622240219383e-01
8.549887677960531229e-02
1.770832383196568405e-03
9.813015178022800322e-01
1.121405749300995180e-02
1.668351074843933994e-03
1.834620601138145091e+01
1.161255397382813387e-01
1.167995375663541113e-01
3.928378789014382200e+00
1.305602523530858747e-03
3.762940640276985493e-01
1.798024912882167037e+00
4.238302854747401094e-01
3.871277259969955337e-02
3.868261559470559385e-02
1.480752147566805023e-03
5.333433097972125475e-03
5.725334804142305500e-02
4.249538059175534954e-01
6.635045047830591125e-01
4.334714383302380736e-02
1.773744529136202230e-01
1.785316693056611670e-01
6.958579758036485818e-02
6.986051263215861118e-01
2.512770170565887806e-01
2.952833396481808342e-02
2.596116364176273006e-01
2.939938977682954868e-01
6.469513268202103928e-01
3.808491957220052182e+00
8.636859046023118713e-01
3.426989862300477974e-01
1.238304798866161210e-02
6.858430248145153119e-02
3.463394354137563219e-02
3.460946402397727800e-02
5.857908929050823943e+00
9.419541990576719981e-02
2.241325494389017747e-03
2.372334969472530697e-01
6.221867102406454693e-03
2.381106082787809441e-01
7.625113096261230093e-03
2.723915522227565722e-01
1.708232516744868867e+00
3.816103109814189542e-01
4.071752057596951177e-03
2.490844335666196063e-01
1.021230327954009975e-01
1.633181855046401953e-02
3.812658079193951416e-02
1.942490375420619433e-02
3.827541766933545420e-02
5.190840460947741875e+00
1.079142421114135386e+00
4.389213883774848668e+00
9.859016886480643192e-04
1.172237651636973271e-01
1.636820586624734494e-02
8.357603206376112287e-03
2.416427478866450124e-02
1.265640858455293061e-01
1.807223937610569431e+00
4.798548319043531574e-02
2.728069819901224671e-03
1.919337474862021220e-01
3.064741627746472852e-01
4.045033434255760653e-03
2.493615342246589428e+00
2.393605552630940103e+00
8.812289145834869414e-03
3.894521253269340733e-01
6.078492162612178507e-03
2.414018443189634155e-01
1.150424075040797772e-02
6.921019299541335788e-03
2.917040749664813859e+00
1.714807960314327362e-01
6.279761656368820333e+00
5.336658240034321612e-03
6.122622103782002397e-03
1.622610955222476337e+00
1.870446954029747130e-02
1.015420507834602498e-01
6.505605432622860174e-02
1.241775358671723506e+00
9.499784192656173243e-01
6.520176338495173220e-04
8.374918962962526692e+00
2.135385931786685898e+00
2.056979937804812551e-03
2.270705660057994665e-02
1.716313934546156161e-01
3.920524227181913790e-02
1.352545640488072298e-01
5.807711274557068037e-01
1.012211825496970100e-02
1.150998501769226579e+00
2.363992429804210038e-01
6.819904045382246902e-04
1.434859297957556401e-01
7.436855393405173986e-01
5.285930662873321084e-05
1.584931931447952413e+00
6.792269863041779099e-02
2.894371601294961488e-02
3.184449889367086395e-01
2.218990297639311313e-03
1.428206993806592662e+00
1.867595948647513340e-02
8.121621987925903285e-03
2.600069007835907609e-02
4.849987497511330098e-02
3.278192279944157073e-01
2.318494780147129397e+00
7.461766417830874298e-02
8.269035944400568439e-02
4.870603272630944502e-01
3.438173986407134231e-01
6.483075317238292667e-01
2.140065211073844190e-02
2.220866263349253189e-01
8.218446662249219783e-04
5.128330800758358447e-03
1.131296526701030258e-01
6.851019974730941930e-01
2.457273910555569096e-01
2.224771049854887273e-01
6.915390714658276039e-02
6.313872376170077960e-02
4.371648882278182491e+00
1.552080779441561975e-01
1.956550223112137749e-02
1.283525988298092502e+00
1.799520645362474164e-02
2.924737153775517490e-02
3.031679849813924757e-02
4.567307275072072792e-01
9.353309431630498893e-04
8.445921075497253572e-01
3.973282009147200422e-01
5.175775673573949215e-02
1.041640883098504389e-01
7.960923717386730880e-02
2.675358191211384823e-02
4.420928449021265250e-01
7.151296009778285515e-03
4.612260209865428175e-04
1.100702421840873274e-04
3.593921390747886191e-01
1.131747815894011862e-02
8.730020829504846203e-02
3.867067281037652737e-01
1.354194572684425946e-01
6.057426254377708263e-02
1.171129144160965030e-01
3.300643861079282336e-03
6.500787176828992653e-02
1.270956015320139207e-03
5.005087425106668347e-02
9.858450035928396915e-03
1.198894425038520839e-01
9.743309652212031047e-01
1.143189923271178791e-02
1.060525754696700629e-01
3.257481669497413329e-02
9.319774539844458139e-02
8.289399175613366921e+00
8.528474329667483367e-02
3.869750764788952579e-02
9.532551633648996825e-01
1.596190786396160244e-01
6.472214605471727777e-01
3.468775536709054030e+00
6.377261874811070153e-02
3.137007985174479208e-01
4.835100220496358681e+00
1.589006268684411971e-02
4.242816288467279762e+00
4.869867631991580542e-02
1.832284759372238350e-02
2.248934738306482273e-02
1.596092038630574994e-03
8.951785033079500131e-01
2.994618036849923559e+00
1.867760570054464164e-01
1.608097328841648008e-02
4.139408052281746964e-02
9.443479416171156630e-04
2.594200287052184778e-02
7.932166991490782748e-03
5.514835335216031198e-02
2.195582630235579202e+00
4.966296143454226986e+00
2.744553815352478512e-03
7.681432669017410064e-02
5.425573271882492415e-02
1.902958378728846975e-02
8.061312659520059043e-01
7.878396330197539044e-01
1.692563314474105907e-01
1.282102933356157326e-01
1.325626633886894425e-02
3.618621404091108135e-02
3.426530861993556942e-02
1.606877882289659554e-01
1.171104232849675242e+00
4.244704420012713197e-01
3.023486634873701617e-01
3.265943217513608943e+00
3.575501509976355963e-02
1.734625796948296161e-01
1.339055327262253625e+00
2.034293806696946174e-03
9.221747343397486141e-01
1.103677084034608985e-01
5.210286177639733562e-02
5.641885450668888247e+00
8.127971248418247238e-03
2.111934504260583711e+00
6.371780224522592684e-02
4.635502294318474825e-01
1.056575549658964963e-03
4.015139563992422243e-03
5.557176075071945665e-01
2.952921225257474844e-02
5.632602141093703274e-01
4.535092505022786935e-01
8.226776129523526160e-02
4.312048267939917745e-02
8.559386651838172405e-03
2.769731108845657416e-02
5.416609157335451619e-02
1.245886223509167640e-02
9.800245123689131643e-02
3.773880281737578696e-02
6.562178699909114454e-02
5.199752538193080226e-02
1.019413493949139632e-01
1.278467235400179182e-02
5.011945876813272277e-02
9.604507731273690396e-01
4.137192862972859445e-03
1.000544258320571478e-01
1.303736627035586779e-02
2.325912746412988480e-02
3.851234126227404218e-03
7.463817535431949146e-02
1.889357261890270090e+00
3.170531080826086701e-01
7.625852527066180869e-04
2.532546189877127762e+00
3.395679171963818938e-02
5.360491145628874105e-02
7.516952286003685257e-01
1.662975526059555231e-01
2.273953784123605160e-01
5.084839994930658857e-01
2.843304734887430740e-01
8.208814936370564252e-01
1.195099951311893172e-01
4.941784371986696067e-02
1.211663775103103413e-01
1.352879178069768366e-02
3.477934542762037284e-02
2.412965363931268356e-02
2.989373718032254518e-02
7.334151551627937637e-02
7.827079550368915006e-01
1.944214675425103098e-03
2.512118340575396347e-02
9.663293871108610822e-02
4.607191420786799219e-02
4.851497546487192752e-02
3.609416535046078289e-02
7.493571771969059769e-02
2.158753489470186405e-03
9.620614982720727681e-01
2.679796931704282389e-02
1.171572730820945152e+00
5.135434776196496909e-01
1.876179859523974258e+00
1.371478958718078955e-01
1.923886329280573015e-01
7.124138640363450979e-03
1.192615609719882390e-02
1.034337745765245176e+00
6.531721136054367827e-02
1.072607916937536460e-01
3.310753696065854013e-01
1.876667651163435938e-03
3.745351498733968248e-02
1.606413954827251231e-03
5.714472884901399680e-02
1.643875409317746839e-01
1.333495128712285371e-01
4.183933917518494611e-02
1.249363519772859338e-02
6.839422576336898207e-02
5.898820132792288451e-01
1.316082721515487433e-03
3.244422919278240336e-01
7.874288115100765845e-03
3.326214579185625408e-02
1.634385169490828408e-03
4.085374884681392538e-01
8.554363093654131223e-02
3.805195687243204117e-02
5.740107853828298884e-02
5.784624854509344549e-02
4.026789890125520022e-01
1.191353561532253053e-01
5.231386902959640761e-02
3.641149268056670385e-02
1.451892832902141883e-01
6.535717756389886057e-02
8.793658329246131444e+00
2.455024173109007446e+00
7.065845393175275158e-01
1.310454894951681437e+00
1.721516326297420352e-01
9.785507741374247295e-03
7.211497185415320990e-03
4.471951775340454738e-02
1.005982366670040845e-01
3.844509869379225675e-01
3.677841587110399768e-01
2.317950182858871111e-01
4.092910545195673280e-03
5.687781362002939170e-03
9.895720334003745011e-02
1.584796864093599052e-03
7.206035817562428392e-02
1.377625880365414834e-01
6.571641559210085470e-02
6.537161235042563412e-01
9.728156873115729741e-01
9.570248331030600450e-03
7.650339487318930098e-02
1.306685925175518070e-01
7.263680955827636621e-02
4.718484742010799593e+00
7.361944852896801228e-01
4.952879227266259732e-01
1.924457663392359907e-01
8.670046249394877669e-02
9.093111064528773546e-02
6.066777766635132352e+00
1.196877549906953664e-02
6.014555156362530117e-03
3.186108442379353978e-02
8.500765164970796040e-01
1.350043890671263347e-01
7.212528900894228379e-01
2.309435167697868607e+00
5.529585371634886393e-01
3.400110925764502912e-01
7.649207856600855060e-02
1.318667778644084521e-01
2.046499147180312617e-01
1.462943722896716035e-04
3.250480601860223154e-03
1.371753551740750032e-01
2.345137612176243901e-03
1.600371663718469159e-02
9.756550317046397067e-03
3.278866165094559415e-01
2.221273452216403210e-02
1.166832694268473726e-02
7.642765922191759043e-02
8.271659555217547935e-03
2.277267484195699965e-01
