4.474559252728685266e+00
1.067966327095750856e+01
1.442997486241603866e+01
8.536160035810010527e+01
3.554924502419200394e+01
2.598679118710141012e+00
8.414988024094995467e+01
3.291045174979942090e+00
5.378732126148466364e+01
2.611607462400863966e+01
1.112242422083617299e+01
2.178763743465695057e+01
6.848988482847635062e+00
1.514042368007896187e+02
5.400325388277388505e+00
8.859964531190000159e+00
8.204413079513530249e+01
2.702509550649899950e+01
3.236966055252645447e+01
8.998103989396879854e+01
7.430906504448806515e-01
5.308263118349539411e+01
9.732162089508079816e+00
1.796699485382990247e+01
8.295361620870166064e+01
2.670422285207038158e+02
1.480548553149592195e+01
3.068643728788824632e+00
1.459753398889142204e+02
1.745072191136891249e+01
3.875149246698887850e+01
3.797543259150441486e+01
4.032186908897361377e+01
3.180973909928770382e+01
1.749920239124965349e+01
1.384499525224507721e+01
2.205605927735279082e+00
6.298181457893357482e+00
9.586047422497586012e+00
3.131554561754375499e+01
4.944259170113685542e+01
1.625505502224748255e+01
2.137237676505233708e+01
6.451570774173903544e+01
5.257863905366252766e+01
5.473541782020998880e+01
2.539192572258501102e+01
7.175127042311146397e+01
4.605872330977026508e+01
1.105004539634359695e+01
7.789968360902900457e+00
6.665673988364747515e+01
1.087845205357997003e+00
2.840049652462735708e+01
1.234281380443807308e+01
1.816697780284850694e+01
3.168205366842784088e+01
4.681904753535975772e+01
5.043962614263540090e+00
6.012932799100616421e+01
2.015906524701044589e+01
1.710808465771215197e+02
1.481344173660032659e+01
5.720046739050318507e+01
1.371440494081651025e+02
3.985467891228683612e+00
8.574775804478758801e+01
1.460885797986560419e+01
1.864368488917389755e+01
7.943045292178130978e+01
6.736253179670804059e+00
2.529465875215065296e+01
1.862254180962434589e+02
6.083369619448671983e+01
1.693581092145038269e+00
3.885283679542760105e+00
1.266699786193451516e+01
6.550467859284606220e+01
2.307430195939672615e+02
3.157080121783393700e+00
5.411743617231415726e+01
7.006742518061636815e+01
1.574071632755446970e+01
1.381195423365164174e+02
2.525369169206742015e+01
8.809637696735368451e+00
1.832800949449722694e+01
5.305954410048249059e+01
1.639822239138354476e+01
1.753449221045248052e+01
4.965494287695516817e+00
1.744232830338578211e+01
8.630465371629602700e+00
5.091377467646616850e+01
1.208088003386233282e+02
1.195571300743467589e+02
1.121791853686502272e+01
1.813554498535441439e+01
3.204496956553848008e+01
7.830149046168519078e+01
6.690611135148270705e+01
2.896717232659410968e+01
1.074169023532900091e+01
6.092045454430329698e+01
1.261889567310494868e+02
1.734436748720864045e+02
2.194213256720154703e+01
1.510249683054907166e+02
1.569343330874373166e+01
8.109481095937765360e+01
1.411245042279594131e+01
1.104041177350144132e+01
1.013698313988448234e+02
8.738603921156862242e+00
5.316668733992073470e+01
1.805906821342466628e+01
3.259408314378829630e+01
1.376273105029486565e+01
1.817470346170968298e+02
5.877311487634545983e+01
1.454237699997061952e+02
5.311847942650120302e+01
1.170070020051163340e+02
1.472219350407932303e+01
2.189995621347943455e+01
7.620185011957030952e+01
1.348955891741977382e+02
1.605533566873635465e+01
9.385315721309034132e+01
9.603090675829015765e-01
2.037426220243623476e+01
4.501692968128761407e+00
1.022929317176465425e+01
1.548890940991632981e+01
2.182438184595091002e+01
8.181519943108465753e+00
7.457238592400995003e+01
3.131945121579681768e+01
5.924185420788647605e+01
3.948230686516046717e+01
1.371982970483107920e+02
7.700630014460075756e+01
5.543877236281009857e+01
2.097474542863338343e+01
5.700902105718726887e+01
3.135341952965314150e+00
1.799661675166949806e+02
2.824821155483405732e+01
7.320416399373212357e+01
1.420773372363471765e+01
1.353585973234691551e+02
8.877201068978816068e+01
1.717534765501603289e+01
1.428934569042735632e+02
1.989903753261463635e+02
3.408276195743613357e+01
7.867287935868540671e+01
5.630831851438608204e+00
1.049544107073016086e+01
6.037633327185145760e+01
2.639814634923778769e+01
1.552145301579246350e+01
3.193324560178783855e+01
1.159464652184257574e+02
2.031101900407007221e+00
5.582155795933106646e+01
2.975729895477098452e+01
1.252565281762895033e+01
1.058217917556429768e+02
1.689534707468011376e+01
1.842715554180273614e+02
8.352570215354863592e+01
1.758894301300484031e+01
9.197796094845762127e+01
6.465738674699352373e+01
1.099565739043124211e+02
7.421277265306148507e+00
1.148580497535311622e+02
7.247093121867391297e+00
8.016239467243863714e+01
3.392631048670470051e+01
3.964426399012973334e+00
1.983701301939328587e+00
1.148728041709636472e+01
8.037411878774041440e+01
8.766538001964160287e+01
2.329716701175079407e+01
3.935047879741182442e+01
8.775443826226461397e+01
5.663010964229414412e+00
1.682075304506909674e+01
7.151579081914252178e+00
4.869774054488514636e+00
1.911548702323577231e+01
4.812058930725072514e+00
1.937037763200124800e+02
6.269571157456094390e+00
1.588956747030630545e+01
1.109008624937029310e+02
5.958922315376965173e+01
1.437481227042516423e+02
8.017782461629350266e+00
1.081298676443685025e+02
3.184790437564855026e+00
8.811088955114971810e-01
2.228780686109585929e+01
1.558049786270290582e+01
2.706636784434880205e+00
6.559768708365997725e+01
2.733192989130988337e+01
5.797468487032249129e+01
8.475811256881879530e+00
3.165310167775732708e+01
7.475559565599127154e+00
1.587155765162390821e+02
2.489803138298282548e+01
1.773391527847988414e+01
1.992911132639224547e+02
1.178239906915956858e+01
2.466950851582080162e+01
5.328809501180369779e+00
1.016327381986675249e+02
6.526577814977938097e+00
7.166662973162200956e+01
6.535711041253000531e+01
4.109928656619937115e+00
1.291683662158770858e+02
3.711539992411194078e+01
4.763316953671253628e+00
5.031308878957263175e+01
4.306566814392922993e+01
6.079111971103401402e+01
1.149720435709408548e+02
3.015588932556385515e+01
7.932864808759987341e+01
3.240006739771147615e+00
1.997898294064196634e+01
2.844581418953452712e+01
5.343108961063299134e+00
7.458513647359499998e+01
2.049246802071395024e+01
2.680420584515220384e+01
2.910772785121977790e+00
9.591710407708937680e+01
3.156554835955160598e+01
3.391338491059161697e+01
2.537695684155589859e+01
4.195964489399875674e+01
4.612518174359743206e+00
4.125768789050072272e+00
3.831689696061786066e+01
7.832147511044052379e+00
9.327555421502526656e+01
3.417676827913830984e+00
8.181402722716103426e+01
1.653149392176867138e+01
9.798442352252138221e+00
1.145211116784269194e+02
7.253395313565076208e+01
1.621159783277536803e+02
4.439414714320738398e+01
9.805094191199545151e+01
2.041653775067692322e+01
1.767707000118187466e+02
4.336426397827608525e-01
1.347860863435974110e+00
3.529739867628035910e+01
1.294669849780047741e+02
4.401705375203209591e+00
1.343664531886087410e+01
1.909792018008421977e+01
5.681933201665728461e+00
3.037025496143464842e+00
4.128885549675501920e+01
1.127538834373348351e+02
7.315150156581592000e+01
4.524587891009154816e+01
8.225140139839757580e+01
2.253829792576215141e+01
8.576691273590197895e+00
6.476318165281526262e+01
1.232669305790059688e+01
2.866866253709599022e+01
1.315695558694083616e+02
6.990165761188976035e+01
1.220282687258780925e+02
4.746811324108590924e+01
1.296205404701618136e+02
1.032720649176463894e+02
5.390639428814515810e+01
1.929679458127329497e+02
2.724960724892500608e+01
2.052165914262821644e+01
9.321694602721898093e+01
3.696757216433647386e+01
4.788871792865986521e+01
2.062550861066091556e+01
3.534748566188267915e+01
1.143821851374170606e+01
1.188798041568025177e+01
1.546365566346850073e+01
4.729233942669075041e+00
5.795443406996193758e+00
1.613239667921120457e+01
1.906816585267011135e+02
1.571772531808653355e+02
6.202053902339815039e+01
5.063246858414409246e+01
8.807399131708513096e+01
3.098025657542548572e+01
1.956104958088824475e+01
1.728163698092306788e+01
1.802769197215488006e+01
1.715022443470467550e+01
1.802837714189019636e+01
4.631363767388381802e+01
1.839878748983930024e+01
1.929830867403659624e+02
2.668613553874321553e+01
7.664532656267910582e+00
1.083976771732499458e+02
3.044294302341412504e+02
8.527876276194346516e+00
2.134286998917396971e+01
5.856870141412360908e+01
2.840053912223487487e+01
1.850676468030652302e+02
1.332301866049790817e+01
1.346534698847335676e+00
1.923300883963997165e+01
1.256840298176558690e+02
2.146092431534056821e+00
1.800455056405769767e+02
7.689899991578981542e+01
1.040951384018101606e+02
1.397973493483367236e+01
1.657596028163563062e+01
1.858273460560259238e+01
9.192254978541859600e+01
3.829692886906349791e+00
1.570871255199686232e+02
4.774045761242522445e+00
1.210955741644969237e+02
1.928126999249750284e+01
8.422529561855230895e+01
2.647120768593069329e+00
4.042540502468657593e+00
9.466348749343782742e+01
4.355556030196832040e+01
6.460190769241572184e+01
9.475449764380923057e+01
4.497282690661944571e+01
9.831729278071580325e+01
9.136068105721623311e+00
4.287971421000178651e+01
1.367211731574833209e+02
1.401504773016530692e+02
7.984920414634120789e+01
3.165244846932947098e+01
1.276090114127958515e+02
1.425756181205947115e+01
7.904668011656018223e+01
2.075071415390068452e+00
2.933532036012486799e+01
1.422374945614401156e+02
1.092786225052317484e+01
3.660199581307081118e+00
1.643762628112372397e+02
7.550866966460688445e+01
9.105798461588786097e+01
2.661189829212097635e+01
1.369719488735629653e+01
1.077286943062937752e+01
2.439654757646661842e+00
1.296282463191569434e+02
2.641723775821823850e+01
3.402270854648888587e+01
1.558985313135753188e+02
1.511017638160482193e+02
1.013820508688835815e+02
2.311894099083855991e+01
5.688219843715742741e+01
1.981416207543879793e+01
9.643629176414762583e+01
5.705215187127159027e+00
1.301636921820130510e+02
3.342950403997498654e+01
1.409890300251735198e+02
4.062058721344777723e+01
1.927226481774957279e+01
2.317154205976505210e+01
1.292724955644700628e+02
8.545414733011777741e+01
3.257658803776681111e+01
2.636476382907909155e+01
1.793554881319773386e+01
1.217571296862356434e+02
2.895611456374534853e+01
9.241484853320724824e+01
2.173424942859004716e+01
6.893746146396932062e+00
1.128728477056271515e+02
9.758956769529734743e+01
3.637168451779657374e+01
2.135931689418913848e+01
1.190323450323282373e+02
1.315206201362403249e+02
2.412371723948071534e+01
5.931464804465617746e+00
3.545276477980129570e+00
1.240380351545078810e+02
2.708240738702264139e+01
1.261642148334330571e+01
2.811914901310319692e+01
5.952286303921736277e+01
1.403347805297088868e+01
2.372508284921856614e+01
1.829863586731945801e+01
9.579401900579149753e+01
7.371023475525078084e-01
8.738100557441789817e+00
4.816542085737634693e+01
8.243253609998384945e+01
3.195490671257724813e+01
1.708186169035690227e+02
9.240798062014937031e+00
9.185234044298007916e+01
1.318818951125893157e+01
1.349349621324944337e+02
6.321777714292040606e+00
1.265398638907961981e+01
1.045652049719357422e+02
5.450580960347945592e+00
1.219267792058977840e+01
9.871681704495891552e-01
5.357634407479028482e+01
6.721113309676678682e+01
1.617544319070197787e+02
3.035447043822764357e+01
1.647638335065342474e+01
2.535346443339589584e+00
4.002314043213024064e+01
8.412454930751191284e+01
6.436157820018501674e+00
2.330944575902347893e+01
9.582700253981474958e+00
2.221404913950868476e+00
1.847833346424008312e+02
3.487135724306803297e+01
6.427960200215221676e+01
1.312491981942025454e+01
1.947900055941483970e+02
1.165661061122214051e+02
5.602736882999261070e+01
5.927789201710509559e+01
2.251627558433921905e+01
8.444773315976297567e+01
1.395832241623238872e+02
1.709751595731554801e+02
4.408041170160905153e+01
2.855012073302575004e+01
5.889644540106093018e+01
7.614950839262725424e+01
2.321000574211344514e+01
1.005812858703620236e+02
2.114354255139279815e+01
6.372226065042476506e+01
5.087968308538680873e+01
9.460235429541461372e+01
1.110351674671958193e+02
7.277346718677401327e+01
1.692058375963201655e+01
3.974604666001309994e+01
1.940019867632143047e+01
1.269397631614532962e+01
3.459469205515917167e+01
2.004059635940651951e+00
1.760945893972224496e+01
1.256759874663654841e+02
1.706329837019976594e+02
1.121132732553560913e+02
5.107645256025784164e+01
2.319621662986184418e+01
2.280982211804523843e+02
2.211944716867217409e+01
2.306556409045193767e+00
7.811433498576522538e+01
2.638332102281172098e+01
3.531833654930453292e+01
1.574097968751121357e+02
2.995639657302735159e+01
2.532083305609803858e+01
2.686264712976094415e+01
5.011848182897389137e+01
1.045705927393294488e+01
4.828049864332764685e+01
3.859358367573236137e+01
9.207722554452093533e+00
5.065236597406428842e+01
1.193582929982691780e+02
1.370376426368595162e+02
4.862940764826235807e+01
8.018097517008878583e+01
1.509839163122354577e+01
3.980041780260732054e+01
7.427915062243809530e+01
1.560845259970912302e+01
9.082854487578254066e+01
2.966492918466442319e+01
1.994029297327859851e+01
4.152896415995449786e+00
1.634213185519656122e+02
5.478904249938990034e+01
1.010265172163139198e+02
2.059945242641508116e+02
1.781092614919471941e+02
9.735772185180339022e+01
1.405060975727564596e+02
8.934145273943958898e+01
3.099763541890015972e+01
2.309867787087740965e+01
7.151370175877111990e-01
1.077328150333946866e+01
4.749141145392299990e+01
1.252886568445774529e+01
3.503390009083123147e+00
1.388810738308696990e+01
9.168067987494156412e+00
1.874254915654469400e+01
1.482858935907423970e+01
3.620226716175893955e+01
1.716120700737179163e+02
5.545172090680900112e+01
1.547655762530586898e+01
3.012062256160190543e+01
2.911764669586698417e+01
5.327493418559554783e+01
4.838165424358527389e+01
1.283717668654241493e+02
2.058302883844444509e+01
1.265133257035244441e+02
3.201814078811652564e+01
2.404998088600755146e+00
1.765588977737940724e+01
5.207446379595133124e-01
9.662997930614683639e+01
1.540438304031775729e+00
6.152693935404644066e+01
1.965554848652641340e+02
1.669953063337631818e+02
2.666009250504331796e+00
2.017700023292843881e+01
9.753598442078990161e+01
1.416859329627951922e+02
1.471892017016779874e+01
7.222634744282977692e+00
2.021598645775407022e+01
3.012886723657669918e+01
1.743695859314287304e+02
1.261699122660502468e+02
3.564185789568924179e+01
1.810834298771225974e+02
2.493677070537873419e+01
2.337899145888297880e+01
1.143418905642359107e+02
4.647763077577669044e+00
1.077567034530579804e+02
1.368490136483214883e+02
6.596096805992957002e+01
8.496669495328049493e+00
5.850538183565104688e+00
7.398071708617953846e+01
3.188688247916223162e+01
8.417655604993147023e+00
6.450610645424585954e-01
1.212979467268715794e+01
7.242239321451339862e+00
2.184569559748754131e+01
6.005474692312087370e+01
8.875877339676958400e+01
2.105421959883777561e+01
2.237640083817840519e+01
1.134724281526179368e+01
1.480557185999924457e+02
9.776973594538020507e+01
1.021375520682858884e+01
1.796918544030960874e+01
1.647115486854893334e+02
2.818627482857095856e+00
2.829926836423024028e+01
3.846362041810347243e+00
7.154934678741425103e+01
1.700677262949463113e+02
3.618686093830255146e+01
2.693439158422162549e+01
4.909405201207191283e+01
6.838584927785228729e+01
1.504788086629965349e+01
1.297658684334713541e+00
3.050782771391075698e+01
2.482673078949522250e+01
9.932587925994174327e+01
1.088474791501418650e+02
1.117904007515289244e+01
1.632549787091921303e+02
2.670083839839204387e+01
1.125296129982701103e+02
8.158683297283583613e+01
9.809472091000456473e+00
1.186945388544446587e+02
3.809896241283424700e+01
2.041387716749235892e+01
1.770463123843336177e+02
2.066805193614919034e+01
2.386829838455739861e+01
1.963861551363088864e+01
2.228949219456923458e+01
5.277403703943978996e+01
8.211041262711590605e+01
2.220879124980061903e+01
1.137444609501448696e+02
6.057891735129391009e+01
3.595907211742725096e+00
1.331436873448634550e+01
4.605237717964945077e+00
8.301473334028304407e+01
1.232321083621595221e+02
1.300893635307716778e+01
2.388084339481286378e+01
9.238679958421830918e+01
4.819400801294111858e+01
1.151131520904240944e+02
2.216728404402203694e+02
3.891821645993633894e+00
3.209818845714958968e+01
2.016489470829846198e+00
9.044461900688055778e+00
6.215917308233381533e+01
1.450171270013141722e+00
6.915504202031856096e+01
7.361882022695317218e+00
3.736646410031079313e+01
6.007091460937258631e+01
4.268321130897097859e+00
3.817864613199276391e+01
1.401057500630843933e+01
4.089319142592746914e+01
1.252811844193892483e+02
1.819291794743204704e+01
5.445329490380783000e+01
4.375801560314735639e+01
1.969254442906331093e+01
1.188766314476731907e+02
1.411355054241206233e+02
1.102801157285472016e+02
6.343671181905206424e+01
3.663247430665840199e+01
2.039494247818835149e+00
7.959272782095742116e+01
1.804080211438423760e+02
1.857131434516236723e+01
3.233870230299948645e+01
1.880582210908967866e+01
2.422011164659500793e+01
8.670024489653606281e+00
1.996329054363846467e+01
3.007134869212476147e+01
8.062286890744482548e+01
1.628462571344991616e+01
5.820436664641255220e+01
2.132599148776939302e+01
2.040588375806330532e+02
2.093152247340335137e+01
6.239647554386856143e+01
4.079278626426116716e+01
3.738565544790971273e+01
1.731133221164168035e+01
1.250377587688737719e+02
1.887435123149045779e+01
8.630126560912451339e+00
1.853481209393777718e+01
8.780937960516854446e+01
6.027802521308916539e+01
1.190671114225528555e+02
5.451958794873794290e+01
1.990394758921422280e+01
1.247921271227286297e+02
2.130315324750119288e+01
1.364862150219893806e+02
2.910794735786259579e+01
9.216399848737601985e-01
6.405031018830644740e-01
3.485726301765352275e+01
4.948420254979819077e+01
6.866739109495752302e+01
1.472901128351542432e+01
1.358989103245958177e+02
1.921798127193454775e+00
1.263191329628535300e+02
6.853717348837093937e+01
7.205256415287623284e+00
5.337303675622941057e+01
3.086221131103044968e+00
7.306823285365621246e+01
2.749898123154402185e+00
1.873063313385237336e+02
4.854117226589269585e+00
4.411315988519437781e+01
3.132558199275491262e+01
1.312913082741159876e+01
5.682601420981154838e+00
1.286565368690043343e+01
4.864530995962356741e+01
3.287738374100998584e+01
4.168207008269050107e+01
8.056285393155771146e+01
1.638749645466848222e+02
1.203899426540076263e+02
7.051145535339232140e+01
2.312059291361446967e+01
3.050189056520385833e+01
1.855948638386463756e+01
4.896764636070383858e+01
8.922252368672914713e+01
1.033512969801776649e+02
5.512975144100592217e+01
1.785287644725834753e+02
1.198207131132998455e+02
1.179425039092829586e+01
1.883361793178335120e+01
9.946302221328890880e+01
2.508621599795377222e+01
1.992968339384680831e+01
2.471309642727614531e+01
7.331367948438281701e+01
5.195698126418759699e+01
9.064575535342875412e+01
2.737440180420326996e+01
4.789195360705954840e+01
1.161613213081848386e+02
2.598414864326819185e+01
6.718559876102548856e+01
4.135382192914303090e+00
1.372620329803132400e+01
1.430255341195662879e+02
2.298990758113158250e+01
4.010435339208954986e+01
2.799389075414433847e+01
4.783423827159484176e+01
1.437801543767603007e+01
7.173879130107085444e+00
1.572226559477386161e+02
3.473044423480843079e+01
2.804399022771142214e+01
1.650363691513374675e+01
8.681308106877327901e-01
1.336874424537104389e+01
3.743131256412725349e+01
2.666799575699805303e+01
1.407759771762974026e+02
4.094318677682092300e+01
1.202024252845766199e+02
6.501123876646381916e-01
1.309697624575005648e+02
6.967282205144829277e+01
8.850475965461215822e+01
4.753831694437764810e+01
7.386529878805919225e+01
5.406243559033619306e+01
2.021143060236735778e+01
2.845126673278710427e+01
1.563091574289487085e+01
2.857301845165154219e+01
1.968162401718700494e+01
6.190841926642218596e+01
1.297304156316225203e+02
6.124566390762355894e+01
2.047520394406636512e+01
6.148320620168890827e+01
2.236504407508955694e+01
1.876217634567563408e+01
1.726350003655843679e+01
4.839339580627981086e+00
7.752981072832325182e+00
1.022626798102657943e+02
1.054577273525483889e+02
1.061600017183235778e+01
1.490350020775818862e+01
1.834534200233385093e+01
2.636003950922286521e+01
9.526510952258755083e+01
1.260569605326973033e+02
1.742594208743446060e+01
1.619480577888663575e+01
2.253073303129869487e+01
5.278406831759397733e+00
1.751884233290348902e+01
6.188849458677734106e+01
4.110157966279695074e+01
2.275699511904441863e+01
3.318250662052714262e+01
8.151252554833918396e+01
2.688126784611958087e+01
1.706404748786113146e+01
8.965971690658562920e+01
6.596091633703483126e+01
1.306600420955447817e+02
1.387435076399398213e+02
1.698404922654742322e+01
5.870038380110403153e+01
1.064587647737858731e+02
7.839212274741313990e+01
5.779620249955223699e+01
3.487165767879760381e+01
4.491935357395948181e+00
3.935459340163468767e+00
5.192371219213404743e+01
4.309805051357319172e+01
1.594712544619151231e+02
5.454721043248243717e+01
5.486992582850856337e+01
5.624490506858317929e+01
6.587095619924281209e+01
1.421071594466280175e+01
4.013290955927396197e+01
1.007030927699262151e+02
1.052733330891922208e+02
8.978900271345524686e+01
4.260067964698668419e+01
4.148953769791956603e+01
1.597414336088806124e+02
1.126263139093170196e+02
3.220186801926589126e+00
3.123699358694447881e+01
8.559625798652088235e+01
4.248832846237528571e+01
7.733720447567165479e+01
1.201686498913102419e+01
9.293636222417495674e+01
9.085235184007128595e+00
8.803685256215152322e+01
1.028953988886495097e+02
9.558845168579480855e+01
2.249904950936286951e+01
1.848791180319815908e+01
1.501935323528910260e+02
2.075539448572450496e+01
2.237638289419423643e+01
1.865128806212430845e+01
7.913502265375271350e+01
1.375345100016607773e+02
7.599694606855578627e+01
6.015480333885503939e+01
1.959406097936903279e+01
6.230584126917268151e+01
9.480426284586190633e+00
1.272881580175297245e+01
2.043487436531743739e+01
8.744325668901291593e+00
1.285149270676863686e+01
1.446389783159829179e+01
4.738753163576293304e+01
4.138070614299691385e+01
1.170123074305453912e+02
5.878879489967938099e+01
2.185968775589086732e+01
3.114127088763274642e+01
2.802261969178562850e+01
1.981416629376727556e+01
8.401534398887102384e+01
1.470074725504207613e+01
1.633716785203852240e+01
9.943725792346674552e+01
1.677174023757995514e+00
2.472047955061469793e+01
4.205613422468102414e+01
1.621729426654506057e+01
6.502490193187986733e+01
6.252396235507103484e+01
1.087215541840394195e+02
1.523377676874506825e+01
1.467207096699793283e+02
4.019242059296225023e+01
8.870574545197477789e+00
1.623950696967317597e+01
8.221132098302167179e+00
2.657305511055099245e+01
1.051336181835877568e+02
1.937922220503922404e+02
2.354515475090797594e+01
3.735963164981320972e+01
7.728171168384115219e+01
6.724900154775101058e+00
1.619999792049455891e+02
3.985221318333728391e+00
7.434942178389962919e+01
7.519845781324877976e+01
1.141054708972357723e+01
2.321649257655174026e+01
1.436880525385595320e+02
3.871558850198718460e+01
5.932119090364145819e+01
3.418456468113490132e+01
3.239939429950057104e+01
7.710063696084972662e+00
1.412332890854695933e+01
1.530295469481170834e+01
7.453976962962420316e+01
1.002021917847357741e+02
1.670879585851993099e+01
1.997557039360981790e+01
7.388900395888359185e+01
4.919505257325083392e+01
3.683746059771958414e+01
9.061696216066277998e+01
2.083899814208714929e+01
3.427623356091559970e+01
1.859048636001411836e+01
2.862702542889027590e+00
5.156078992584090770e+01
8.073687694226094891e+01
1.864598493403203605e+01
3.022155843947749787e+01
1.935004191374236981e+01
1.511341989677929973e+02
2.645112222358305232e+01
1.428619872102878787e+02
1.574333672305857306e+02
6.325003264507355993e+01
2.033636281559894030e+02
1.157246334543366686e+02
2.614235266286098636e+01
9.818422004746408049e+01
1.216511379593192288e+02
2.472251038327785366e+01
7.534853374321892261e+01
2.223988584499762666e+01
2.944533566335722341e+01
5.008638962056955535e+01
1.569424955608220955e+02
1.458221880403027804e+01
1.916474036290973970e+01
5.313634200814342989e+01
9.000243830620840413e+01
5.433283269285583472e+00
1.960709882928180292e+01
8.873874446607932498e+01
1.382165361168049458e+02
1.357332022748693312e+01
5.322771050370943158e+01
1.976965567373692068e+01
1.273082845059636625e+01
2.266263504617229430e+01
8.009198243232894754e+01
5.915260459959474559e+01
6.231464248124461847e+01
4.912322142736073260e+01
1.043639880490567435e+02
1.832627078836310019e+01
2.625960909807009713e+01
1.073129065145438545e+02
2.878082685633422244e+01
2.512390578525709728e+01
1.994410920535393075e+02
4.585609621190714336e+01
1.245951884871684534e+01
1.912026251060395765e+01
3.125213500944077794e+01
9.398084688768783224e+00
8.147830662836199167e+00
6.438360505152297719e+01
5.614122637262349258e+01
1.101712970526067537e+01
1.402460573191857485e+01
7.103996334668282486e+01
1.529714925114914195e+02
7.304401401584462405e+01
1.005928122166558403e+01
5.556449735288417457e+01
4.025799871306457334e+01
5.640691121867389768e+01
7.326462694209106985e+01
3.824878533656311141e+00
2.167982871963967284e+01
7.304206633613762278e+01
1.027750952223038539e+01
2.499373858115700742e+01
4.575233058452237600e+01
5.604515624984998112e+01
1.198038483545857957e+01
1.414831390639966280e+01
2.257068160546837277e+01
2.803079691036977295e+01
1.640021123062423953e+02
1.945214100028340454e+01
2.230461414990706714e+01
7.766745465964286943e+00
2.954998096974647481e+01
5.317834511588987567e+01
1.347559591970803083e+01
